1724732921.646170139 0.494797 -1.84974 -0.048172 0.603728 0.0399794 0.179228 0.775752
1724732921.846170425 0.691028 -2.19723 -0.0396568 0.596753 0.0672707 0.187246 0.777367
1724732922.46170950 0.899609 -2.44987 -0.0709061 0.589592 0.0699073 0.177706 0.784803
1724732922.246211290 1.08996 -2.6161 -0.0904116 0.60529 0.0596941 0.179279 0.773253
1724732922.446211338 1.32018 -2.67626 -0.114391 0.590798 0.102036 0.266965 0.754504
1724732922.646166086 1.61032 -2.67117 -0.0985596 0.551174 0.236184 0.399262 0.693552
1724732922.846166372 1.83854 -2.50631 -0.0792872 0.47893 0.362791 0.52224 0.605206
1724732923.46166658 2.00494 -2.27982 -0.0725128 0.417613 0.418034 0.592658 0.547361
1724732923.246145010 2.13369 -2.04847 -0.0577948 0.407493 0.459172 0.614102 0.495973
1724732923.446145535 2.24096 -1.79247 -0.0543184 0.345326 0.489572 0.654193 0.461628
1724732923.646183491 2.41164 -1.5634 -0.0283448 0.291403 0.495038 0.708731 0.40954
1724732923.846183777 2.51691 -1.26732 0.00994034 0.25663 0.513501 0.750244 0.32801
1724732924.46184301 2.71402 -1.03652 0.0079356 0.198897 0.523994 0.776772 0.287221
1724732924.246184826 2.85304 -0.812949 0.0136996 0.151838 0.517003 0.797055 0.272686
1724732924.446185350 2.98758 -0.595287 0.0113063 0.126408 0.536137 0.800448 0.23635
1724732924.646086931 3.12824 -0.349526 0.0160198 0.0824155 0.524955 0.828888 0.174857
1724732924.846087456 3.21188 -0.106444 0.046282 0.0466957 0.542058 0.834631 0.0859341
1724732925.46087742 3.19825 0.0976167 0.0539371 0.0118651 0.542401 0.839581 0.0276553
1724732925.246095896 3.15992 0.312892 0.0527671 -0.00852248 0.53203 0.846673 0.00417194
1724732925.446096420 3.0807 0.4467 0.054906 -0.00816884 0.570351 0.821358 -0.00228413
1724732925.646127224 2.96939 0.52542 0.0360786 -0.0124679 0.551814 0.833294 -0.0310873
1724732925.846127748 2.82997 0.594946 0.0342464 -0.00890786 0.55621 0.827206 -0.0792498
1724732926.56127310 2.67456 0.726218 0.0233893 -0.0707747 0.554357 0.817842 -0.137163
1724732926.256131411 2.53993 0.903178 0.00785179 -0.0696443 0.541881 0.821658 -0.162455
1724732926.422798395 2.44321 1.06421 0.0187487 -0.0771524 0.554903 0.81223 -0.162519
1724732926.622799635 2.33253 1.27526 0.0123272 -0.0944295 0.541869 0.816886 -0.173661
1724732926.822799921 2.21176 1.455 0.009277 -0.103164 0.538862 0.807107 -0.218089
1724732926.989466906 2.09095 1.57532 0.0173506 -0.132229 0.540367 0.790243 -0.256973
1724732927.189402342 1.92859 1.72421 -0.00605383 -0.159342 0.514708 0.793066 -0.284133
1724732927.389402628 1.77828 1.88953 -0.00369677 -0.168954 0.534565 0.781039 -0.275088
1724732927.589403152 1.62153 2.06808 6.50187e-05 -0.177081 0.516803 0.787703 -0.284748
1724732927.756079197 1.48293 2.20679 0.00456147 -0.18215 0.514537 0.776902 -0.313843
1724732927.956079245 1.30685 2.3065 0.0331088 -0.221928 0.505715 0.747892 -0.368318
1724732928.156072855 1.11234 2.40667 0.023357 -0.248676 0.468826 0.744208 -0.405608
1724732928.322739840 0.940801 2.51264 0.0318444 -0.253015 0.474931 0.744039 -0.396018
1724732928.522740126 0.718177 2.64813 0.0378862 -0.275601 0.463579 0.728032 -0.42321
1724732928.722757578 0.458612 2.78351 0.0376587 -0.270688 0.439385 0.719521 -0.464713
1724732928.922758102 0.217878 2.8139 0.0575085 0.319625 -0.431525 -0.656119 0.530221
1724732929.89425087 0.00664468 2.8434 0.0599796 0.35649 -0.397247 -0.630093 0.563997
1724732929.289397478 -0.231918 2.82805 0.0473653 0.382067 -0.375953 -0.604307 0.589489
1724732929.489398003 -0.484488 2.82937 0.0555145 0.407814 -0.359904 -0.573189 0.612872
1724732929.656043053 -0.707715 2.81496 0.044445 0.40544 -0.335417 -0.541862 0.655362
1724732929.856043100 -0.907568 2.70732 0.0471427 0.435623 -0.312633 -0.462933 0.705824
1724732930.56043625 -1.02419 2.52549 0.0537304 0.485859 -0.253773 -0.373807 0.748203
1724732930.256045818 -1.09896 2.30957 0.0350396 0.495645 -0.19942 -0.313422 0.785069
1724732930.422712803 -1.17605 2.14109 0.035649 0.519939 -0.181765 -0.284232 0.784753
1724732930.622686863 -1.26647 1.94769 0.0368275 0.514799 -0.146862 -0.236457 0.810865
1724732930.812687874 -1.33711 1.74208 0.0334627 0.505488 -0.12758 -0.169929 0.836259
1724732931.12688398 -1.36482 1.51588 0.0405741 0.542715 -0.0852005 -0.0970588 0.829928
1724732931.212690592 -1.34516 1.29236 0.0230079 0.542692 -0.0528503 -0.0585329 0.836221
1724732931.379357576 -1.32358 1.10238 0.0213254 0.5446 -0.0323546 -0.0463036 0.836792
1724732931.579358101 -1.29987 0.878346 0.0240025 0.553175 -0.0236494 -0.0328703 0.832081
1724732931.779383659 -1.29251 0.62995 0.00242507 0.54512 -0.00932474 0.00622641 0.838283
1724732931.946050644 -1.24748 0.425264 0.00753498 0.558664 0.00451269 0.0504118 0.827848
1724732932.145991564 -1.15208 0.189111 0.00346218 0.576851 0.0498624 0.0968322 0.809556
1724732932.345991611 -1.04194 -0.0464365 0.00288342 0.578183 0.0496282 0.129614 0.804016
1724732932.545992136 -0.933651 -0.294129 0.0425906 0.62125 0.0818772 0.123658 0.76945
1724732932.712693930 -0.833161 -0.50892 0.0871844 0.639881 0.106437 0.133057 0.749346
1724732932.912694454 -0.702346 -0.743546 0.151321 0.641519 0.156495 0.175712 0.730129
1724732933.112694502 -0.556295 -0.929324 0.180477 0.642363 0.17847 0.220285 0.712034
1724732933.279361486 -0.43823 -1.08546 0.174684 0.618316 0.181837 0.219641 0.732379
1724732933.479362011 -0.324665 -1.29409 0.178284 0.615662 0.163173 0.218336 0.739368
1724732933.679321527 -0.209464 -1.50898 0.149904 0.62411 0.164794 0.209751 0.734394
1724732933.879322052 -0.0361019 -1.69431 0.136553 0.620899 0.205385 0.256453 0.711712
1724732934.45989037 0.153373 -1.77694 0.144747 0.598478 0.268859 0.312505 0.686935
1724732934.245962858 0.366463 -1.84113 0.124362 0.563485 0.30922 0.360364 0.676022
1724732934.445963621 0.541529 -1.9683 0.121584 0.56187 0.302299 0.352469 0.684604
1724732934.612620592 0.692862 -2.08482 0.107967 0.573107 0.297073 0.343287 0.68224
1724732934.812620878 0.921236 -2.18634 0.0808792 0.568093 0.307815 0.380014 0.661898
1724732935.12621403 1.1802 -2.15649 0.0851864 0.538909 0.388727 0.451677 0.595363
1724732935.212621927 1.42828 -2.09689 0.0574953 0.488948 0.448329 0.494893 0.561259
1724732935.379288912 1.63247 -2.09081 0.055555 0.481481 0.451095 0.49908 0.561791
1724732935.579288960 1.86022 -2.08284 0.063288 0.47785 0.443697 0.508411 0.562415
1724732935.779289484 2.13887 -2.05017 0.0507287 0.463443 0.443372 0.536719 0.548247
1724732935.945956469 2.34101 -1.91774 0.0639664 0.4204 0.497993 0.580526 0.488114
1724732936.146009445 2.52754 -1.69356 0.0552667 0.340391 0.55023 0.634968 0.422134
1724732936.346009970 2.7031 -1.48426 0.0538477 0.315289 0.564781 0.649284 0.400056
1724732936.546010256 2.87619 -1.31348 0.0617754 0.30861 0.571123 0.660492 0.377264
1724732936.712622404 3.029 -1.14287 0.0576223 0.280634 0.569414 0.695254 0.337096
1724732936.912622690 3.12724 -0.872918 0.0855742 0.2244 0.589403 0.737573 0.241319
1724732937.112622976 3.14381 -0.591916 0.0878686 0.148429 0.613739 0.757237 0.166993
1724732937.279300451 3.14914 -0.365068 0.0861586 0.106972 0.606928 0.776367 0.132099
1724732937.479300976 3.17341 -0.109848 0.0973746 0.0811083 0.622904 0.770473 0.10855
1724732937.679291964 3.19894 0.1515 0.0873849 0.0690428 0.612236 0.784365 0.0719139
1724732937.879292488 3.16489 0.418896 0.102261 0.0336242 0.614128 0.78849 0.000146245
1724732938.45959473 3.08185 0.623259 0.113705 -0.0184534 0.616031 0.786326 -0.0430893
1724732938.245946646 2.95441 0.84914 0.116123 -0.0709159 0.594118 0.796288 -0.0889924
1724732938.422612906 2.87133 1.06134 0.125766 -0.0755256 0.604318 0.789019 -0.0809028
1724732938.622612953 2.78227 1.29792 0.116925 -0.0808785 0.59691 0.791972 -0.0996829
1724732938.822576284 2.65294 1.537 0.108003 -0.10668 0.602669 0.776754 -0.148532
1724732938.989243269 2.49884 1.69372 0.117994 -0.152218 0.602641 0.757889 -0.198136
1724732939.189204454 2.29098 1.86399 0.093586 -0.181102 0.608756 0.73626 -0.233537
1724732939.389204502 2.10061 2.04146 0.0879889 -0.186098 0.600003 0.73984 -0.240833
1724732939.589205027 1.90178 2.20492 0.0677323 -0.182741 0.590718 0.753105 -0.224701
1724732939.755927563 1.70391 2.31861 0.0542226 -0.21975 0.585202 0.727314 -0.283307
1724732939.955927849 1.45075 2.39028 0.0788295 -0.280635 0.566139 0.688182 -0.356563
1724732940.155897856 1.20402 2.43245 0.0861865 -0.317399 0.540538 0.672026 -0.394282
1724732940.322564840 1.01251 2.48173 0.108434 -0.292802 0.523049 0.699904 -0.388357
1724732940.522565126 0.79518 2.54818 0.125156 -0.273822 0.540694 0.699263 -0.379082
1724732940.722565651 0.554708 2.56453 0.118406 -0.302511 0.508191 0.685963 -0.423891
1724732940.922565937 0.296004 2.48977 0.121092 0.394468 -0.46251 -0.606509 0.512471
1724732941.89232922 0.103452 2.35044 0.100327 0.458238 -0.41005 -0.548814 0.566286
1724732941.289225817 -0.0813601 2.14116 0.0486539 0.51963 -0.351589 -0.45907 0.628987
1724732941.489226341 -0.199078 1.91725 -0.0371144 0.60145 -0.2849 -0.296579 0.684932
1724732941.679250717 -0.244871 1.71454 -0.181075 0.712354 -0.201787 -0.146124 0.656111
1724732941.879251003 -0.204259 1.54476 -0.305067 0.779524 -0.036662 0.00487933 0.625279
1724732942.45917988 -0.123848 1.43401 -0.388292 0.778227 0.124639 0.0792446 0.610367
1724732942.245876312 -0.0574419 1.26425 -0.50115 0.755218 0.19071 0.113426 0.616774
1724732942.445876360 -0.0106563 1.08147 -0.658593 0.735819 0.194619 0.184806 0.621723
1724732942.612543344 0.00886678 0.969453 -0.820553 0.707219 0.198459 0.20282 0.647549
1724732942.812540531 0.0376282 0.862433 -0.977929 0.682699 0.19366 0.225354 0.667558
1724732943.12540817 0.0880504 0.802207 -1.05048 0.665143 0.195989 0.253566 0.674446
1724732943.212599277 0.0920469 0.769821 -1.07654 0.666443 0.180039 0.243223 0.681383
1724732943.379266262 0.0847144 0.757817 -1.08318 0.67412 0.16309 0.238042 0.679926
1724732943.579266787 0.106062 0.749915 -1.08693 0.672881 0.183918 0.244028 0.673688
1724732943.779237747 0.139624 0.735348 -1.08378 0.673944 0.189382 0.239751 0.672646
1724732943.945904732 0.165864 0.725961 -1.075 0.66566 0.202359 0.237483 0.6779
1724732944.145881414 0.159568 0.717986 -1.07091 0.657804 0.217054 0.223315 0.685793
1724732944.345881701 0.166398 0.736743 -1.05411 0.650915 0.206378 0.218858 0.697007
1724732944.545881987 0.187375 0.792462 -1.02275 0.647646 0.206732 0.218897 0.699929
1724732944.712526321 0.199248 0.809182 -1.02005 0.647396 0.206759 0.219161 0.70007
1724732944.912526608 0.193406 0.803727 -1.01989 0.647205 0.207352 0.219777 0.699877
1724732945.112527132 0.199787 0.810169 -1.01147 0.647404 0.206977 0.219111 0.700013
1724732945.279191971 0.211286 0.820375 -1.00424 0.647696 0.206411 0.218204 0.700194
1724732945.479192257 0.224957 0.833645 -1.00717 0.647787 0.206351 0.217922 0.700215
1724732945.679174423 0.235088 0.849254 -1.02199 0.647629 0.206713 0.218166 0.700178
1724732945.879174709 0.243874 0.861791 -1.03003 0.647573 0.206863 0.218213 0.700171
1724732946.45841932 0.247813 0.870193 -1.03534 0.647482 0.207173 0.218536 0.700064
1724732946.245910883 0.248602 0.875823 -1.03759 0.647321 0.20771 0.219147 0.699861
1724732946.445911407 0.250287 0.879807 -1.03626 0.647206 0.208184 0.21964 0.699673
1724732946.612578392 0.250772 0.881004 -1.03325 0.647112 0.20864 0.22012 0.699473
1724732946.812515497 0.250811 0.881941 -1.03255 0.646922 0.209354 0.220933 0.699179
1724732947.12515783 0.25301 0.856711 -1.06687 0.646368 0.210207 0.221965 0.699109
1724732947.212513447 0.256784 0.84222 -1.07601 0.646096 0.210898 0.222764 0.698898
1724732947.379180670 0.255432 0.839502 -1.08095 0.645919 0.211352 0.223299 0.698754
1724732947.579181194 0.256862 0.835032 -1.08636 0.645656 0.211985 0.224012 0.698577
1724732947.779181480 0.256019 0.830625 -1.09145 0.64541 0.212638 0.224792 0.698355
1724732947.945848465 0.253894 0.827432 -1.09493 0.64524 0.213034 0.225248 0.698245
1724732948.145848989 0.2541 0.82454 -1.0995 0.645046 0.213624 0.225884 0.698037
1724732948.345784664 0.253212 0.821885 -1.10367 0.644819 0.214164 0.226501 0.697882
1724732948.545785189 0.25152 0.817893 -1.1084 0.644562 0.214811 0.227277 0.697668
1724732948.712423563 0.246919 0.814182 -1.11341 0.644373 0.215202 0.227765 0.697563
1724732948.912424088 0.246353 0.812494 -1.11915 0.64414 0.215811 0.228459 0.697364
1724732949.112424612 0.243967 0.808929 -1.12153 0.643943 0.21634 0.229037 0.697192
1724732949.279098749 0.240496 0.804445 -1.12256 0.643786 0.216691 0.22945 0.697092
1724732949.479099035 0.239507 0.802152 -1.12531 0.643537 0.217307 0.230164 0.696895
1724732949.679113626 0.237269 0.799569 -1.12729 0.643382 0.217735 0.230601 0.69676
1724732949.879113913 0.234918 0.796945 -1.12891 0.643176 0.218219 0.231163 0.696613
1724732950.45780897 0.231399 0.792678 -1.12869 0.643086 0.218521 0.231535 0.696477
1724732950.245730162 0.230305 0.79198 -1.13115 0.642905 0.219063 0.232179 0.69626
1724732950.445730686 0.228923 0.788436 -1.13288 0.642732 0.219506 0.232701 0.696106
1724732950.612397671 0.223715 0.786427 -1.13242 0.64261 0.219804 0.233069 0.696001
1724732950.812416553 0.22356 0.784937 -1.13521 0.642413 0.220294 0.23368 0.695822
1724732951.12417078 0.220725 0.782531 -1.13632 0.642233 0.220849 0.234314 0.6956
1724732951.212421179 0.217161 0.780037 -1.13702 0.642055 0.221271 0.23486 0.695446
1724732951.379088163 0.213635 0.775883 -1.13547 0.641961 0.221564 0.235186 0.69533
1724732951.579088449 0.210829 0.775031 -1.13804 0.641751 0.222092 0.235772 0.695156
1724732951.779080629 0.207142 0.773687 -1.1385 0.641556 0.222571 0.236398 0.694971
1724732951.945747614 0.202812 0.770659 -1.13634 0.641455 0.222853 0.236716 0.694865
1724732952.145747900 0.201616 0.771624 -1.13883 0.641294 0.223319 0.237268 0.694676
1724732952.345715761 0.200228 0.769172 -1.13838 0.641106 0.223812 0.237794 0.694511
1724732952.545716047 0.196513 0.766282 -1.1382 0.640945 0.22429 0.238346 0.694316
1724732952.712428570 0.190707 0.765187 -1.13561 0.640865 0.224504 0.238611 0.694229
1724732952.912428856 0.191014 0.762814 -1.13743 0.640719 0.224934 0.239077 0.694065
1724732953.112429142 0.186524 0.763599 -1.1372 0.640569 0.22537 0.239594 0.693884
1724732953.279045343 0.183302 0.758659 -1.13456 0.640506 0.225574 0.23983 0.693794
1724732953.479045868 0.178688 0.759119 -1.13768 0.640355 0.22607 0.240444 0.693559
1724732953.679075956 0.172029 0.760522 -1.1393 0.640224 0.22648 0.240961 0.693367
1724732953.879076481 0.159633 0.763656 -1.14669 0.640065 0.226856 0.241414 0.693234
1724732954.45743465 0.146174 0.76821 -1.15149 0.639938 0.227183 0.241772 0.693118
1724732954.245699406 0.1304 0.78046 -1.16225 0.639755 0.227646 0.242378 0.692924
1724732954.445699930 0.127247 0.780392 -1.16227 0.639625 0.228103 0.24287 0.692721
1724732954.612366915 0.280637 0.870115 -1.0875 0.64761 0.206659 0.219721 0.699726
1724732954.812361479 0.280771 0.868925 -1.08535 0.647764 0.206735 0.21967 0.699576
1724732955.12361765 0.280728 0.869353 -1.08523 0.6478 0.206746 0.219649 0.699546
1724732955.212393522 0.281595 0.869965 -1.08481 0.647829 0.206757 0.219507 0.699561
1724732955.379060507 0.281779 0.870159 -1.08452 0.647832 0.206804 0.219397 0.699579
1724732955.579060793 0.283511 0.87072 -1.08592 0.647789 0.206693 0.219242 0.699701
1724732955.779012203 0.283476 0.868995 -1.08536 0.647787 0.206701 0.219295 0.699683
1724732955.945679188 0.281564 0.86889 -1.08614 0.647758 0.206647 0.21956 0.699643
1724732956.145679474 0.281572 0.868771 -1.08678 0.647699 0.206547 0.219664 0.699695
1724732956.345702410 0.281624 0.86836 -1.08733 0.647642 0.206557 0.219711 0.69973
1724732956.545702934 0.281171 0.867614 -1.08744 0.647602 0.206627 0.219735 0.699738
1724732956.712344170 0.281503 0.867604 -1.08696 0.647636 0.206629 0.219695 0.699718
1724732956.912344456 0.281705 0.867094 -1.0865 0.647663 0.206631 0.219668 0.699701
1724732957.112344980 0.282193 0.867396 -1.08649 0.647655 0.206579 0.219654 0.699729
1724732957.278995275 0.283103 0.867936 -1.08732 0.647594 0.206593 0.219561 0.69981
1724732957.478995562 0.284512 0.86942 -1.087 0.647643 0.206676 0.219277 0.699829
1724732957.678991318 0.285378 0.868824 -1.08597 0.647716 0.206737 0.219115 0.699795
1724732957.878991365 0.284856 0.869271 -1.08682 0.647663 0.20668 0.219199 0.699835
1724732958.45658350 0.283977 0.869747 -1.08839 0.647603 0.206574 0.219426 0.69985
1724732958.245645046 0.285384 0.870158 -1.08797 0.647623 0.206493 0.219387 0.699868
1724732958.445645332 0.285676 0.870479 -1.08725 0.647658 0.206523 0.219344 0.699839
1724732958.612312317 0.285847 0.869483 -1.08858 0.647546 0.206486 0.21933 0.699958
1724732958.812313795 0.286711 0.87001 -1.08821 0.647598 0.206404 0.219305 0.699943
1724732959.12314081 0.286987 0.87067 -1.08886 0.647555 0.206451 0.219267 0.699981
1724732959.212314367 0.286658 0.869706 -1.08876 0.647558 0.206457 0.219333 0.699956
1724732959.378981352 0.286319 0.868927 -1.08795 0.647634 0.20638 0.219571 0.699833
1724732959.578981876 0.285249 0.867976 -1.08714 0.647531 0.206998 0.220473 0.699462
1724732959.778982162 0.286613 0.868989 -1.08499 0.647312 0.206527 0.220571 0.699773
1724732959.945649147 0.280956 0.875489 -1.05405 0.632941 0.201634 0.224898 0.712846
1724732960.145649672 0.25764 0.862078 -1.04658 0.614888 0.201364 0.247554 0.721168
1724732960.345671654 0.198509 0.83243 -1.0408 0.624055 0.200493 0.264839 0.707261
1724732960.545672178 0.123106 0.822019 -1.04188 0.631187 0.217182 0.254036 0.699929
1724732960.712339163 0.0778826 0.879507 -1.05686 0.635647 0.219867 0.244229 0.698544
1724732960.912339449 0.0232859 0.935884 -1.05516 0.643327 0.217803 0.227071 0.697948
1724732961.112339973 -0.0309966 0.985029 -1.04832 0.651117 0.211002 0.218499 0.695545
1724732961.278974295 -0.0567611 1.01192 -1.03443 0.659466 0.210454 0.211222 0.690072
1724732961.478974581 -0.0507084 1.02764 -1.0118 0.656082 0.203218 0.215975 0.693984
1724732961.678975344 -0.041801 1.03217 -0.998054 0.656467 0.205717 0.215096 0.693157
1724732961.878921032 -0.0326502 1.04673 -0.980279 0.650535 0.199551 0.226013 0.697067
1724732962.45588017 -0.00815246 1.0516 -0.964221 0.651174 0.201813 0.224601 0.696275
1724732962.245600939 0.0265385 1.05492 -0.949097 0.650257 0.191169 0.232667 0.697486
1724732962.445601225 0.0561754 1.05109 -0.916356 0.647642 0.19474 0.227714 0.700559
1724732962.612268209 0.080524 1.03957 -0.886844 0.646578 0.191597 0.231057 0.701313
1724732962.812284231 0.103517 1.02617 -0.848003 0.644111 0.189469 0.231146 0.704127
1724732963.12284756 0.114451 1.01833 -0.806205 0.648454 0.19112 0.229901 0.70009
1724732963.212284803 0.117257 1.01003 -0.771692 0.6535 0.194329 0.2291 0.694757
1724732963.378951788 0.113506 1.00642 -0.747715 0.656842 0.194196 0.231434 0.690858
1724732963.578952312 0.110406 0.99961 -0.715566 0.657784 0.204207 0.221607 0.690297
1724732963.778853893 0.107032 0.989563 -0.684132 0.656915 0.205309 0.220878 0.69103
1724732963.945520878 0.10625 0.981979 -0.650765 0.658861 0.19799 0.225658 0.689769
1724732964.145521402 0.109849 0.971592 -0.617921 0.657078 0.201415 0.219082 0.692592
1724732964.345570087 0.122532 0.964357 -0.583892 0.657027 0.194428 0.22263 0.693505
1724732964.545570612 0.13766 0.958055 -0.567413 0.657504 0.189853 0.226717 0.692996
1724732964.712240458 0.147582 0.954348 -0.542619 0.656871 0.196048 0.222739 0.693161
1724732964.912240982 0.1552 0.943096 -0.523773 0.658555 0.192861 0.228005 0.690741
1724732965.112241268 0.166596 0.929803 -0.557606 0.656424 0.196996 0.226038 0.692248
1724732965.278876781 0.173127 0.916328 -0.590563 0.655396 0.198623 0.225929 0.692793
1724732965.478877306 0.178045 0.906748 -0.62191 0.65247 0.204788 0.224631 0.69418
1724732965.678877354 0.18432 0.891128 -0.639334 0.653417 0.19915 0.230933 0.692861
1724732965.878898144 0.183195 0.885822 -0.649432 0.65052 0.211583 0.222671 0.694604
1724732966.45565128 0.188705 0.882424 -0.640416 0.651921 0.205458 0.228828 0.693126
1724732966.245582819 0.193973 0.874889 -0.631953 0.651976 0.206427 0.225133 0.693996
1724732966.445583344 0.201632 0.87105 -0.631604 0.652536 0.201565 0.226435 0.694475
1724732966.612250566 0.211823 0.869289 -0.639952 0.655392 0.195838 0.229299 0.692481
1724732966.812209606 0.218102 0.864068 -0.614366 0.650018 0.205568 0.221497 0.697249
1724732967.12210131 0.215813 0.873736 -0.57044 0.655315 0.202814 0.225215 0.691886
1724732967.212189436 0.220211 0.867447 -0.531306 0.657453 0.200941 0.226608 0.689947
1724732967.378856421 0.222703 0.86278 -0.537874 0.657094 0.206484 0.222136 0.690107
1724732967.578856707 0.227836 0.854449 -0.564971 0.653248 0.203105 0.22793 0.692866
1724732967.778862715 0.237246 0.84686 -0.57943 0.651115 0.205673 0.229702 0.693531
1724732967.945529699 0.241222 0.840283 -0.578398 0.652628 0.205481 0.231131 0.691688
1724732968.145529985 0.238047 0.839549 -0.576741 0.653802 0.208282 0.226621 0.691234
1724732968.345548391 0.241396 0.831975 -0.561057 0.647396 0.208337 0.226512 0.697256
1724732968.545548677 0.249178 0.826206 -0.548272 0.665443 0.208252 0.225852 0.680299
1724732968.712225676 0.255843 0.817137 -0.535935 0.671953 0.209385 0.224297 0.674039
1724732968.912225962 0.266234 0.796472 -0.535254 0.6783 0.216291 0.217158 0.66781
1724732969.112226248 0.303684 0.747382 -0.524766 0.682554 0.217156 0.216342 0.663445
1724732969.278897762 0.34663 0.692246 -0.527716 0.677982 0.212125 0.220307 0.668438
1724732969.478898287 0.409115 0.606207 -0.524769 0.664218 0.210518 0.222737 0.681825
1724732969.678898335 0.476272 0.512608 -0.526592 0.66312 0.207356 0.225922 0.682814
1724732969.878833055 0.542714 0.416998 -0.525158 0.628269 0.20273 0.230937 0.714736
1724732970.45500040 0.585321 0.35536 -0.532605 0.626758 0.194936 0.238014 0.715908
1724732970.245500565 0.611323 0.30792 -0.546018 0.632979 0.200618 0.232316 0.710717
1724732970.445500851 0.625817 0.271183 -0.54972 0.630423 0.201421 0.229315 0.71373
1724732970.612167835 0.624682 0.26169 -0.549491 0.625027 0.197663 0.232494 0.718483
1724732970.812168121 0.605241 0.274761 -0.554637 0.639279 0.19883 0.232214 0.705596
1724732971.12168407 0.576542 0.292955 -0.551849 0.635584 0.199653 0.229981 0.709423
1724732971.212168932 0.533398 0.33208 -0.549891 0.623829 0.201478 0.225727 0.720619
1724732971.378835917 0.489514 0.384505 -0.549016 0.625819 0.196922 0.226994 0.719754
1724732971.578836203 0.427587 0.464243 -0.551116 0.631443 0.196865 0.223611 0.715906
1724732971.778816700 0.357577 0.560941 -0.552327 0.641804 0.194231 0.22545 0.706777
1724732971.945483923 0.298342 0.64834 -0.552449 0.656447 0.202276 0.216642 0.693706
1724732972.145484209 0.234849 0.74997 -0.547243 0.651202 0.201992 0.21605 0.698897
1724732972.345484734 0.177809 0.851482 -0.543271 0.64932 0.194568 0.222245 0.700809
1724732972.545485020 0.124479 0.956205 -0.539332 0.638667 0.198542 0.222904 0.709225
1724732972.712152004 0.0805348 1.0533 -0.536534 0.64162 0.192384 0.236856 0.703712
1724732972.912119389 0.0181812 1.16825 -0.536962 0.66604 0.206407 0.230607 0.67868
1724732973.112119913 -0.037523 1.26158 -0.530873 0.66891 0.217494 0.224306 0.674494
1724732973.278860807 -0.0681846 1.32328 -0.521088 0.670311 0.209022 0.230539 0.67368
1724732973.478861094 -0.0958281 1.37436 -0.510755 0.669773 0.213773 0.224198 0.674863
1724732973.678861618 -0.108385 1.40426 -0.505786 0.682946 0.218113 0.220498 0.661356
1724732973.878845453 -0.0987089 1.4021 -0.498759 0.672291 0.216386 0.222709 0.672013
1724732974.45512438 -0.0691127 1.37797 -0.493725 0.650748 0.214255 0.228172 0.69178
1724732974.245497465 -0.0309145 1.34587 -0.495348 0.652388 0.207807 0.237414 0.689087
1724732974.445497751 0.000656431 1.32521 -0.499659 0.662561 0.213154 0.232352 0.679405
1724732974.612164736 0.0293389 1.30013 -0.498773 0.662371 0.213648 0.231054 0.679877
1724732974.812107325 0.0679982 1.26005 -0.494405 0.660937 0.212576 0.230372 0.681838
1724732975.12107611 0.108881 1.21673 -0.488177 0.629601 0.198481 0.24298 0.710752
1724732975.212108374 0.136415 1.18969 -0.49425 0.639327 0.201904 0.236406 0.703284
1724732975.378775358 0.15103 1.17673 -0.497693 0.64183 0.201524 0.233521 0.702076
1724732975.578775883 0.161295 1.16773 -0.502615 0.640709 0.221486 0.213013 0.703606
1724732975.778750896 0.183255 1.17343 -0.505229 0.64819 0.2283 0.206799 0.696393
1724732975.945417881 0.220324 1.1907 -0.503059 0.64897 0.230679 0.204511 0.695558
1724732976.145418406 0.281642 1.21144 -0.508264 0.647103 0.227594 0.209185 0.696922
1724732976.345415354 0.359462 1.24207 -0.508803 0.651018 0.224654 0.210662 0.693778
1724732976.545415878 0.456114 1.27867 -0.5113 0.647293 0.224511 0.21092 0.697223
1724732976.712082863 0.545501 1.31777 -0.513937 0.648297 0.215169 0.21794 0.697077
1724732976.912078619 0.656426 1.36502 -0.520203 0.646413 0.217674 0.213942 0.699283
1724732977.112079144 0.774522 1.41461 -0.530029 0.64846 0.218223 0.211796 0.697869
1724732977.278732061 0.879136 1.46268 -0.536651 0.651535 0.213726 0.215085 0.695386
1724732977.478732586 1.00606 1.52172 -0.539959 0.653969 0.195152 0.231771 0.693197
1724732977.678733110 1.12072 1.57326 -0.544697 0.658253 0.185416 0.240697 0.688759
1724732977.878726006 1.21495 1.60608 -0.546196 0.665909 0.151105 0.270931 0.678475
1724732978.45392990 1.25484 1.60681 -0.546185 0.674176 0.118872 0.295029 0.666568
1724732978.245412827 1.2399 1.56157 -0.554081 0.673656 0.144144 0.271787 0.671968
1724732978.445413351 1.17945 1.47919 -0.557678 0.666883 0.151828 0.265657 0.679442
1724732978.612080336 1.10508 1.38949 -0.562283 0.665541 0.15456 0.264465 0.680606
1724732978.812009573 0.987318 1.25995 -0.565801 0.659844 0.181285 0.240915 0.68826
1724732979.12010098 0.862424 1.12061 -0.566123 0.645467 0.2148 0.211245 0.701861
1724732979.212010145 0.755189 0.998279 -0.566023 0.641485 0.233824 0.192828 0.704727
1724732979.378682613 0.688618 0.917475 -0.560943 0.644643 0.228889 0.19501 0.702863
1724732979.578683138 0.633051 0.844625 -0.558492 0.646077 0.223734 0.19947 0.701954
1724732979.778704882 0.602307 0.793785 -0.556932 0.642298 0.223352 0.20279 0.704587
1724732979.945371866 0.593856 0.767055 -0.556084 0.646883 0.216151 0.212334 0.699811
1724732980.145372391 0.591676 0.746668 -0.558489 0.66009 0.190241 0.235955 0.687324
1724732980.345374346 0.578087 0.722127 -0.559048 0.660594 0.186434 0.24045 0.686324
1724732980.545374870 0.54351 0.688661 -0.557788 0.66211 0.19274 0.235278 0.684913
1724732980.712041855 0.505528 0.64752 -0.559053 0.660781 0.195421 0.234265 0.685783
1724732980.911998987 0.456737 0.589261 -0.561025 0.662156 0.199443 0.229442 0.68493
1724732981.111999273 0.411459 0.533687 -0.559586 0.65983 0.197872 0.231474 0.686943
1724732981.278682470 0.371299 0.482621 -0.557744 0.662388 0.194074 0.23539 0.684229
1724732981.478682756 0.314861 0.408915 -0.555997 0.659437 0.192672 0.240347 0.68575
1724732981.678683043 0.253948 0.325092 -0.547746 0.655446 0.19333 0.243276 0.688353
1724732981.878683567 0.186523 0.233795 -0.553438 0.637432 0.20073 0.238408 0.704662
1724732982.45350552 0.122614 0.172766 -0.545029 0.621801 0.208333 0.230584 0.718883
1724732982.245350838 0.0411487 0.136931 -0.542726 0.615177 0.211699 0.22537 0.725223
1724732982.445350170 -0.0468067 0.141529 -0.535435 0.616153 0.198952 0.234439 0.725129
1724732982.612017155 -0.133518 0.160334 -0.531669 0.60734 0.200815 0.231803 0.732857
1724732982.812019825 -0.254492 0.219126 -0.530749 0.610132 0.193375 0.235201 0.731455
1724732983.12020350 -0.396832 0.306996 -0.534958 0.616662 0.201996 0.22047 0.72823
1724732983.212020636 -0.541225 0.429171 -0.539606 0.655562 0.202246 0.220845 0.693226
1724732983.378687859 -0.650015 0.53081 -0.541661 0.68534 0.2177 0.208364 0.662948
1724732983.578687906 -0.746999 0.621119 -0.534026 0.677101 0.212996 0.217342 0.670022
1724732983.778633833 -0.817004 0.684453 -0.530604 0.666481 0.215526 0.218306 0.679481
1724732983.945300817 -0.860505 0.725631 -0.532326 0.659049 0.222038 0.21718 0.684972
1724732984.145301104 -0.884316 0.774533 -0.532106 0.652782 0.227539 0.213596 0.690275
1724732984.345302820 -0.887134 0.821571 -0.530821 0.647715 0.222843 0.219196 0.694809
1724732984.545302868 -0.871586 0.871471 -0.528859 0.64576 0.222611 0.218464 0.696931
1724732984.711969852 -0.845606 0.915681 -0.527368 0.647665 0.215118 0.223061 0.696058
1724732984.911971331 -0.808932 0.971031 -0.530186 0.646357 0.217752 0.218754 0.697821
1724732985.111971617 -0.758501 1.02925 -0.522978 0.645864 0.214849 0.216779 0.69979
1724732985.278631449 -0.715652 1.08532 -0.5219 0.647882 0.213184 0.215048 0.698968
1724732985.478631735 -0.651486 1.15068 -0.512785 0.649242 0.207692 0.218644 0.698243
1724732985.678632021 -0.586427 1.22349 -0.513781 0.649378 0.210982 0.216548 0.697784
1724732985.878594398 -0.512456 1.29191 -0.507262 0.653009 0.209795 0.220841 0.693394
1724732986.45261383 -0.448533 1.34331 -0.511701 0.65143 0.215567 0.218056 0.69399
1724732986.245261908 -0.364985 1.40385 -0.512491 0.65259 0.208458 0.225218 0.692783
1724732986.445292473 -0.279548 1.46183 -0.518171 0.650287 0.217273 0.214653 0.695589
1724732986.611959457 -0.203585 1.5139 -0.521159 0.650553 0.21394 0.216934 0.695665
1724732986.811956406 -0.103599 1.57877 -0.524068 0.650736 0.212277 0.218119 0.695633
1724732987.11956453 0.00134453 1.64384 -0.525145 0.651168 0.216249 0.216229 0.694595
1724732987.211956978 0.116001 1.70564 -0.524941 0.646436 0.222055 0.214506 0.69771
1724732987.378594637 0.219614 1.76158 -0.52588 0.648975 0.213915 0.22423 0.694833
1724732987.578594923 0.345415 1.8266 -0.530308 0.656744 0.199796 0.23888 0.686808
1724732987.778576136 0.459243 1.87963 -0.537359 0.666226 0.198515 0.241226 0.677159
1724732987.945243120 0.545309 1.90543 -0.542671 0.66443 0.208421 0.234699 0.67824
1724732988.145243406 0.645964 1.92231 -0.546925 0.660628 0.207444 0.237923 0.681124
1724732988.345276356 0.741 1.92676 -0.549297 0.65934 0.208873 0.236594 0.682398
1724732988.545276880 0.830176 1.92266 -0.553895 0.658926 0.207644 0.236702 0.683134
1724732988.711943865 0.902776 1.914 -0.558771 0.657098 0.211546 0.234957 0.684299
1724732988.911861181 0.987579 1.89689 -0.565935 0.657296 0.212061 0.236977 0.683252
1724732989.111861467 1.07542 1.88138 -0.568455 0.658617 0.209868 0.238086 0.682271
1724732989.278549671 1.14574 1.86162 -0.566892 0.658457 0.214248 0.231031 0.683489
1724732989.478549719 1.22643 1.83107 -0.563841 0.644928 0.202417 0.237803 0.697528
1724732989.678550243 1.29592 1.80663 -0.563081 0.643029 0.198188 0.239731 0.699832
1724732989.878543139 1.35014 1.79226 -0.565694 0.646378 0.201464 0.236839 0.696789
1724732990.45210123 1.38586 1.78239 -0.570653 0.65973 0.193942 0.242607 0.684313
1724732990.245210648 1.4153 1.76205 -0.575175 0.659581 0.193938 0.24126 0.684934
1724732990.445225716 1.43037 1.73252 -0.572109 0.660685 0.185885 0.246808 0.684125
1724732990.611892939 1.43342 1.69932 -0.565721 0.662389 0.180788 0.24999 0.682687
1724732990.811869621 1.41567 1.64473 -0.559202 0.662599 0.172121 0.25678 0.682203
1724732991.11869907 1.38506 1.57635 -0.55866 0.65021 0.208834 0.226877 0.694365
1724732991.211870432 1.36333 1.51282 -0.554057 0.647604 0.213659 0.225223 0.695869
1724732991.378545284 1.35838 1.46622 -0.530924 0.65007 0.206984 0.228457 0.694532
1724732991.578545570 1.35463 1.41658 -0.480419 0.651713 0.198781 0.231585 0.694351
1724732991.778557062 1.34936 1.37087 -0.425422 0.654926 0.195626 0.228512 0.693242
1724732991.945224047 1.35058 1.33294 -0.395975 0.660872 0.171898 0.244925 0.688266
1724732992.145224571 1.33161 1.27274 -0.397886 0.673634 0.112171 0.287511 0.671545
1724732992.345246553 1.24763 1.17017 -0.414847 0.671635 0.133157 0.264749 0.679031
1724732992.545247078 1.11694 1.03622 -0.425056 0.661014 0.18133 0.227275 0.691756
1724732992.711914063 1.00511 0.921048 -0.422753 0.646782 0.215131 0.20181 0.703324
1724732992.911854506 0.892956 0.803613 -0.407536 0.643969 0.214287 0.203769 0.705594
1724732993.111855268 0.803385 0.711938 -0.390778 0.645883 0.218302 0.203325 0.702737
1724732993.278522253 0.745864 0.650456 -0.378174 0.646796 0.221657 0.201664 0.701324
1724732993.478522539 0.699511 0.594394 -0.363793 0.650925 0.222191 0.204984 0.696354
1724732993.678523064 0.673797 0.549859 -0.3549 0.667752 0.21484 0.213713 0.67991
1724732993.878455877 0.666136 0.49251 -0.349234 0.668527 0.212518 0.217713 0.678607
1724732994.45122862 0.672112 0.434927 -0.34475 0.668522 0.211449 0.21849 0.678697
1724732994.245123148 0.688017 0.356687 -0.344925 0.661801 0.206602 0.224817 0.684684
1724732994.445177555 0.703913 0.275379 -0.344027 0.640844 0.192749 0.238097 0.703901
1724732994.611844778 0.706164 0.216504 -0.348908 0.634516 0.200825 0.232086 0.709362
1724732994.811862707 0.69784 0.160265 -0.35613 0.646154 0.192142 0.241208 0.69813
1724732995.11863232 0.673239 0.110683 -0.358351 0.653773 0.198153 0.23588 0.691141
1724732995.211863518 0.64165 0.0568828 -0.356693 0.657054 0.193564 0.237979 0.688607
1724732995.378495693 0.60536 0.00494757 -0.356162 0.654144 0.201832 0.230767 0.691452
1724732995.578495979 0.560608 -0.0588523 -0.35713 0.653302 0.205959 0.227411 0.692143
1724732995.778496265 0.519808 -0.119871 -0.359965 0.636551 0.221124 0.215714 0.706664
1724732995.945152521 0.490598 -0.154954 -0.360269 0.61721 0.206361 0.229655 0.723689
1724732996.145153046 0.445981 -0.171284 -0.369353 0.622931 0.205771 0.227289 0.719691
1724732996.345128059 0.390578 -0.156937 -0.380061 0.631929 0.204993 0.227665 0.711907
1724732996.545128584 0.330672 -0.123979 -0.386679 0.637568 0.201345 0.230943 0.706847
1724732996.711795568 0.276804 -0.083828 -0.385948 0.634164 0.204828 0.228806 0.709598
1724732996.911845446 0.206809 -0.0278727 -0.382027 0.634063 0.203304 0.229306 0.709965
1724732997.111845732 0.134427 0.0399034 -0.377708 0.633712 0.20067 0.229197 0.711062
1724732997.278512716 0.068657 0.0998638 -0.373598 0.63223 0.199556 0.22429 0.714252
1724732997.478475571 -0.0139559 0.181122 -0.369921 0.631641 0.194015 0.218821 0.717987
1724732997.678475857 -0.0992561 0.277579 -0.369105 0.627325 0.195988 0.211495 0.72341
1724732997.878479004 -0.17961 0.398171 -0.36812 0.631413 0.189398 0.215692 0.720363
1724732998.45145988 -0.244749 0.511642 -0.37128 0.653876 0.196747 0.209588 0.699864
1724732998.245146513 -0.307418 0.645262 -0.371592 0.664872 0.206584 0.206025 0.687621
1724732998.445147038 -0.347316 0.767971 -0.365712 0.659682 0.201792 0.223746 0.688503
1724732998.611814022 -0.36911 0.859949 -0.360577 0.655794 0.213377 0.224576 0.688454
1724732998.811770439 -0.383743 0.959879 -0.357982 0.650015 0.234538 0.214406 0.690291
1724732999.11771202 -0.376203 1.05996 -0.35546 0.638565 0.244111 0.210914 0.698685
1724732999.211771727 -0.344899 1.17064 -0.350496 0.638632 0.239919 0.216065 0.698501
1724732999.378457546 -0.304959 1.27126 -0.346274 0.637907 0.242683 0.211635 0.699565
1724732999.578457832 -0.238924 1.40331 -0.342313 0.63593 0.244343 0.20597 0.702472
1724732999.778458357 -0.150465 1.54902 -0.336292 0.638532 0.240378 0.206074 0.701448
1724732999.945100069 -0.0644544 1.68152 -0.330944 0.643317 0.234 0.211005 0.697757
1724733000.145100355 0.0504989 1.84127 -0.330535 0.645128 0.23045 0.213327 0.696559
1724733000.345117569 0.173994 2.00058 -0.332723 0.647636 0.221973 0.220804 0.694652
1724733000.545117855 0.300885 2.15705 -0.334807 0.65655 0.208296 0.230981 0.687169
1724733000.711784840 0.40107 2.27396 -0.338927 0.66452 0.203636 0.233601 0.679982
1724733000.911785841 0.512445 2.39415 -0.345445 0.671097 0.209132 0.22797 0.673738
1724733001.111786127 0.621563 2.48925 -0.351642 0.678236 0.210164 0.225913 0.666926
1724733001.278453350 0.715493 2.54486 -0.356011 0.679247 0.212124 0.223301 0.666155
1724733001.478453875 0.835761 2.58553 -0.357347 0.663838 0.207766 0.227504 0.681465
1724733001.678454161 0.951646 2.6088 -0.358418 0.651614 0.19799 0.236517 0.693008
1724733001.878383160 1.05038 2.61871 -0.361262 0.65104 0.181065 0.250713 0.693185
1724733002.45050144 1.10873 2.62055 -0.360491 0.656995 0.163682 0.264672 0.686669
1724733002.245050430 1.137 2.6011 -0.363157 0.66007 0.178451 0.252822 0.684503
1724733002.445074558 1.13715 2.56775 -0.366627 0.669641 0.195191 0.24102 0.674826
1724733002.611741543 1.12945 2.5266 -0.367166 0.675401 0.198663 0.238971 0.668774
1724733002.811730862 1.11825 2.45689 -0.363906 0.669716 0.200191 0.238745 0.674095
1724733003.11731148 1.106 2.36954 -0.362479 0.668644 0.203199 0.235747 0.675314
1724733003.211731672 1.09567 2.26886 -0.365524 0.666353 0.208032 0.231901 0.677435
1724733003.378398657 1.09341 2.17744 -0.372397 0.664485 0.214034 0.226942 0.679078
1724733003.578398943 1.10075 2.06362 -0.377158 0.660201 0.228063 0.214633 0.682682
1724733003.778399467 1.12961 1.95264 -0.381228 0.659013 0.217554 0.221883 0.684939
1724733003.945062637 1.16561 1.8621 -0.386035 0.667728 0.213362 0.222688 0.677514
1724733004.145062923 1.21837 1.74744 -0.385318 0.672225 0.205278 0.226663 0.674239
1724733004.345054150 1.27901 1.62346 -0.379483 0.673756 0.205228 0.225334 0.673171
1724733004.545054674 1.3498 1.48649 -0.375226 0.674334 0.203014 0.226863 0.672749
1724733004.711721659 1.41473 1.3641 -0.37494 0.672767 0.202607 0.227478 0.674232
1724733004.911721945 1.49711 1.20929 -0.370044 0.662278 0.190984 0.236319 0.684884
1724733005.111722469 1.57289 1.0534 -0.367356 0.656937 0.179826 0.243175 0.690625
1724733005.278389454 1.62205 0.924417 -0.36424 0.656564 0.168974 0.248438 0.691846
1724733005.478336573 1.65434 0.767078 -0.367204 0.659345 0.166655 0.248957 0.689573
1724733005.678337097 1.65737 0.603173 -0.373104 0.660059 0.169307 0.245307 0.689551
1724733005.878359318 1.63653 0.433212 -0.37844 0.661497 0.178031 0.237577 0.688683
1724733006.45026302 1.60354 0.290545 -0.382233 0.662763 0.1785 0.239683 0.686611
1724733006.245026827 1.55042 0.112579 -0.384948 0.657516 0.18599 0.238523 0.690064
1724733006.445027113 1.48304 -0.0648099 -0.391165 0.654074 0.197427 0.233436 0.691894
1724733006.611694098 1.42538 -0.208411 -0.397117 0.649377 0.20837 0.225614 0.695694
1724733006.811694622 1.3645 -0.37201 -0.405757 0.642604 0.225106 0.211031 0.701322
1724733007.11689663 1.32317 -0.512494 -0.41167 0.638501 0.223682 0.213088 0.704894
1724733007.211690187 1.2993 -0.623822 -0.414004 0.637676 0.222987 0.212358 0.706081
1724733007.378359079 1.29439 -0.697934 -0.412554 0.638269 0.216827 0.216434 0.706226
1724733007.578359604 1.29991 -0.770574 -0.410765 0.63419 0.21269 0.218424 0.710533
1724733007.778359890 1.30741 -0.826257 -0.414813 0.630192 0.201915 0.226577 0.714668
1724733007.944975376 1.30859 -0.848411 -0.415693 0.628329 0.193055 0.233147 0.716641
1724733008.144975901 1.29358 -0.858945 -0.422272 0.637839 0.192854 0.234379 0.707838
1724733008.344973564 1.26634 -0.861778 -0.426503 0.638731 0.194194 0.234736 0.706548
1724733008.544974089 1.2263 -0.858066 -0.424254 0.643724 0.187096 0.243493 0.700946
1724733008.711641073 1.17664 -0.855435 -0.424411 0.643612 0.191894 0.237721 0.701733
1724733008.911641359 1.10674 -0.848055 -0.417258 0.64197 0.195336 0.232896 0.703902
1724733009.111641884 1.0285 -0.832746 -0.409336 0.635763 0.198141 0.229532 0.709832
1724733009.278308868 0.959035 -0.810794 -0.405438 0.632209 0.199346 0.228726 0.712922
1724733009.478301048 0.867669 -0.768906 -0.401778 0.633999 0.192615 0.233593 0.711603
1724733009.678301573 0.76353 -0.713398 -0.397113 0.633126 0.196651 0.228969 0.712778
1724733009.878323555 0.650415 -0.644668 -0.392087 0.632272 0.198815 0.227672 0.713352
1724733010.44990540 0.548698 -0.577949 -0.390453 0.631238 0.198149 0.228496 0.714188
1724733010.244990826 0.418503 -0.487536 -0.387647 0.631734 0.196119 0.228932 0.71417
1724733010.444964409 0.27736 -0.385061 -0.386504 0.631663 0.196364 0.223714 0.715818
1724733010.611631393 0.155436 -0.288474 -0.386528 0.634204 0.198254 0.217827 0.714865
1724733010.811631680 0.0107069 -0.158457 -0.386481 0.63434 0.19484 0.221127 0.71467
1724733011.11610031 -0.13577 -0.0143908 -0.383437 0.638077 0.188316 0.229708 0.710373
1724733011.211610317 -0.285881 0.138766 -0.379688 0.641008 0.194205 0.224856 0.707695
1724733011.378205299 -0.408645 0.271137 -0.373756 0.637015 0.191239 0.229915 0.710478
1724733011.578206062 -0.559875 0.4369 -0.371098 0.633853 0.191547 0.234622 0.711683
1724733011.778206348 -0.714102 0.611832 -0.366763 0.636716 0.19734 0.239819 0.705788
1724733011.944948435 -0.845275 0.759326 -0.359055 0.626498 0.200321 0.243737 0.712715
1724733012.144948959 -1.00986 0.944542 -0.351231 0.625002 0.199404 0.242795 0.714605
1724733012.344920397 -1.17906 1.14156 -0.349053 0.639198 0.229904 0.210533 0.703027
1724733012.544920921 -1.32233 1.34341 -0.339029 0.654717 0.2395 0.200547 0.688306
1724733012.711587906 -1.41143 1.50773 -0.326001 0.649469 0.250702 0.189482 0.692413
1724733012.911576748 -1.47594 1.70611 -0.311493 0.644717 0.241966 0.196255 0.698052
1724733013.111576796 -1.50528 1.91024 -0.30303 0.642274 0.238651 0.198871 0.7007
1724733013.278243780 -1.50061 2.08031 -0.298671 0.635347 0.260985 0.177507 0.704778
1724733013.478239298 -1.45207 2.30795 -0.290157 0.633436 0.260996 0.180943 0.70562
1724733013.678239584 -1.35677 2.55012 -0.284235 0.666947 0.220229 0.212895 0.679232
1724733013.878238440 -1.24755 2.76868 -0.282958 0.673029 0.224999 0.208426 0.673028
1724733014.44905424 -1.13732 2.92131 -0.283313 0.710438 0.23071 0.202074 0.633417
1724733014.244905710 -0.97246 3.04088 -0.267239 0.718479 0.207228 0.217589 0.627295
1724733014.444922924 -0.787356 3.0848 -0.255645 0.679167 0.205399 0.220916 0.669133
1724733014.611589909 -0.626324 3.09009 -0.254668 0.653168 0.189236 0.234275 0.69475
1724733014.811590195 -0.456235 3.08667 -0.266887 0.647146 0.187685 0.235034 0.700525
1724733015.11566162 -0.311989 3.07481 -0.284328 0.641384 0.191196 0.234149 0.705156
1724733015.211566687 -0.193602 3.06011 -0.303832 0.655302 0.2001 0.227405 0.691972
1724733015.378233671 -0.103361 3.04937 -0.310687 0.65942 0.202433 0.226071 0.687807
1724733015.578233957 -0.000838946 3.03476 -0.313564 0.661762 0.209062 0.221167 0.685164
1724733015.778234482 0.0965498 3.01048 -0.309675 0.660889 0.208199 0.225048 0.685005
1724733015.944901943 0.17464 2.98639 -0.307203 0.660007 0.203486 0.230343 0.685512
1724733016.144901991 0.265502 2.9486 -0.315004 0.660321 0.198917 0.235945 0.684644
1724733016.344902515 0.346878 2.90659 -0.324756 0.660917 0.207489 0.228971 0.683892
1724733016.544902802 0.429455 2.86489 -0.331946 0.657026 0.20845 0.229205 0.687263
1724733016.711569786 0.498228 2.82768 -0.335962 0.660443 0.211185 0.22635 0.684092
1724733016.911471605 0.582236 2.77853 -0.338399 0.668812 0.208363 0.224898 0.677271
1724733017.111471891 0.671749 2.71741 -0.340467 0.672443 0.19333 0.230445 0.676269
1724733017.278138876 0.742871 2.65501 -0.341638 0.665515 0.188853 0.228365 0.685035
1724733017.478208065 0.813815 2.57421 -0.34483 0.652358 0.181225 0.209903 0.705357
1724733017.678208351 0.869786 2.50291 -0.35183 0.653817 0.164018 0.180568 0.716252
1724733017.878196716 0.916995 2.44919 -0.358645 0.659696 0.135403 0.157042 0.722361
1724733018.44863701 0.948475 2.41572 -0.363188 0.665465 0.117744 0.134041 0.724793
1724733018.244864225 0.981342 2.38711 -0.365393 0.673021 0.0964269 0.109419 0.725101
1724733018.444864511 1.0121 2.36525 -0.365819 0.682765 0.0748442 0.092696 0.720859
1724733018.611531496 1.0373 2.34791 -0.362683 0.687165 0.0681965 0.088443 0.717866
1724733018.811532021 1.06432 2.32009 -0.358347 0.687501 0.0608203 0.088343 0.718219
1724733019.11500359 1.07956 2.28793 -0.359061 0.688923 0.055133 0.0892156 0.717207
1724733019.211500645 1.07674 2.24973 -0.362894 0.688071 0.0513191 0.0905622 0.718138
1724733019.378188848 1.06504 2.21546 -0.364939 0.687644 0.0504065 0.0933658 0.718253
1724733019.578189135 1.03151 2.17339 -0.366445 0.68478 0.0560811 0.0928485 0.720632
1724733019.778189898 0.985308 2.12206 -0.369999 0.685022 0.0567887 0.0979926 0.719665
1724733019.944880486 0.934955 2.08909 -0.367226 0.684486 0.0571963 0.102226 0.719553
1724733020.144880533 0.859216 2.04829 -0.365115 0.687556 0.05594 0.10896 0.715727
1724733020.344881058 0.766064 1.9912 -0.369676 0.703641 0.055841 0.113153 0.699262
1724733020.544832945 0.656342 1.91939 -0.363989 0.707155 0.0542916 0.115856 0.695386
1724733020.711499929 0.553053 1.83673 -0.359737 0.699939 0.0641881 0.107662 0.703118
1724733020.911512136 0.428919 1.71857 -0.360053 0.683754 0.0923481 0.0841472 0.718937
1724733021.111512899 0.327268 1.60148 -0.36317 0.693233 0.0947632 0.0812614 0.70982
1724733021.278179884 0.263384 1.49727 -0.361553 0.695549 0.0916461 0.0806926 0.708026
1724733021.478180170 0.210863 1.36011 -0.361589 0.689999 0.112722 0.0583564 0.712594
1724733021.678180695 0.20817 1.21749 -0.356794 0.689574 0.102279 0.0647672 0.714026
1724733021.878175974 0.236758 1.06621 -0.350563 0.689421 0.0674711 0.088792 0.715725
1724733022.44842958 0.260641 0.933724 -0.344432 0.673348 0.0544967 0.0906604 0.73172
1724733022.244843483 0.28332 0.784 -0.337707 0.659062 0.0450312 0.0880819 0.745554
1724733022.444819927 0.29372 0.660664 -0.336812 0.66007 0.0446834 0.0780947 0.745796
1724733022.611486912 0.298829 0.578333 -0.33598 0.66591 0.0425609 0.073998 0.741132
1724733022.811487198 0.299861 0.497373 -0.333941 0.664362 0.0470189 0.0671099 0.742906
1724733023.11495829 0.302422 0.436195 -0.339203 0.66542 0.0572496 0.0765868 0.74032
1724733023.211496353 0.3072 0.390733 -0.363234 0.671172 0.0755414 0.0916817 0.731721
1724733023.378159285 0.3137 0.357736 -0.3871 0.672878 0.0930115 0.108387 0.725835
1724733023.578159571 0.324988 0.31384 -0.412569 0.673709 0.115867 0.130549 0.718087
1724733023.778159857 0.339131 0.271428 -0.43478 0.667526 0.135243 0.161609 0.714143
1724733023.944811821 0.349381 0.235199 -0.453279 0.658806 0.159993 0.18062 0.712568
1724733024.144812346 0.361754 0.194592 -0.472645 0.645741 0.184612 0.210106 0.710487
1724733024.344812393 0.371148 0.165797 -0.488865 0.637204 0.211394 0.235246 0.70281
1724733024.544806242 0.375535 0.143905 -0.500028 0.628152 0.238687 0.257815 0.694252
1724733024.711473227 0.376228 0.135186 -0.503182 0.624008 0.250779 0.264947 0.691033
1724733024.911486864 0.377337 0.121576 -0.498604 0.6446 0.253518 0.266156 0.670358
1724733025.111487389 0.387092 0.0998932 -0.490346 0.628343 0.265275 0.255648 0.68517
1724733025.278154373 0.402794 0.0833158 -0.488238 0.627307 0.262909 0.256967 0.686537
1724733025.478121996 0.428618 0.0714967 -0.492771 0.62936 0.255076 0.262698 0.685443
1724733025.678122520 0.464363 0.0765957 -0.494522 0.631952 0.24879 0.268036 0.683299
1724733025.878101826 0.489137 0.0651605 -0.502853 0.642757 0.223717 0.288295 0.673573
1724733026.44768810 0.493226 0.0418659 -0.507099 0.646632 0.223892 0.272505 0.676373
1724733026.244769096 0.487548 0.0101191 -0.496289 0.649756 0.216153 0.252073 0.683779
1724733026.444782257 0.480733 -0.0274101 -0.490463 0.650192 0.211605 0.240627 0.688892
1724733026.611449480 0.477302 -0.0604931 -0.500842 0.646075 0.218095 0.230752 0.694101
1724733026.811449766 0.481376 -0.0946187 -0.5133 0.646353 0.219166 0.224542 0.695539
1724733027.11457205 0.493901 -0.118827 -0.522289 0.646241 0.210877 0.226314 0.697629
1724733027.211457491 0.498837 -0.133685 -0.514265 0.647778 0.211755 0.223674 0.696788
1724733027.378124475 0.517379 -0.140425 -0.500712 0.649724 0.207071 0.228518 0.69481
1724733027.578125000 0.527641 -0.14605 -0.493612 0.653914 0.206726 0.228429 0.691
1724733027.778125286 0.534327 -0.152903 -0.492924 0.650062 0.208614 0.226879 0.694568
1724733027.944731474 0.541607 -0.156487 -0.467121 0.650205 0.207477 0.230228 0.693673
1724733028.144731998 0.54842 -0.161708 -0.402557 0.654572 0.209492 0.228731 0.689443
1724733028.344732285 0.556885 -0.170615 -0.352108 0.653148 0.209295 0.229649 0.690546
1724733028.544732571 0.579366 -0.16436 -0.351408 0.637712 0.2028 0.23454 0.705114
1724733028.711399555 0.584858 -0.165581 -0.362367 0.632331 0.20089 0.23364 0.710783
1724733028.911400080 0.578522 -0.140358 -0.365335 0.641996 0.199239 0.231554 0.703226
1724733029.111400366 0.566237 -0.112594 -0.360548 0.639818 0.202618 0.227775 0.705477
1724733029.278067350 0.558544 -0.0817442 -0.349641 0.638153 0.195864 0.235265 0.706433
1724733029.478007078 0.537374 -0.0362561 -0.336387 0.635801 0.196151 0.235597 0.708361
1724733029.678007364 0.50663 0.0195643 -0.318399 0.635746 0.194809 0.236733 0.708403
1724733029.878007889 0.464751 0.0891278 -0.306417 0.634299 0.203105 0.229197 0.709846
1724733030.44663906 0.428231 0.157066 -0.296186 0.63681 0.196962 0.237297 0.70666
1724733030.244663954 0.379095 0.247076 -0.292541 0.659234 0.216945 0.225564 0.683715
1724733030.444664478 0.347567 0.332035 -0.287024 0.656765 0.245873 0.211239 0.68087
1724733030.611331463 0.352974 0.403292 -0.277209 0.646958 0.252231 0.216267 0.686334
1724733030.811331749 0.389143 0.4907 -0.269631 0.645239 0.24112 0.233641 0.686251
1724733031.11335135 0.441561 0.574372 -0.264723 0.64092 0.242475 0.237148 0.688614
1724733031.211335659 0.504274 0.661848 -0.263008 0.637811 0.245393 0.240139 0.689429
1724733031.378002644 0.559481 0.737329 -0.264458 0.640284 0.244835 0.238265 0.687983
1724733031.578002930 0.629383 0.832192 -0.267887 0.641112 0.234507 0.240277 0.690108
1724733031.778003454 0.698813 0.926834 -0.271411 0.644755 0.224353 0.238008 0.690875
1724733031.944690704 0.751376 1.00863 -0.270845 0.637261 0.214848 0.239833 0.700156
1724733032.144690990 0.803378 1.11611 -0.268178 0.613767 0.194289 0.253048 0.722156
1724733032.344691515 0.821186 1.24958 -0.268029 0.592547 0.191553 0.253632 0.74018
1724733032.544673204 0.798948 1.42209 -0.27594 0.607287 0.198615 0.249596 0.727637
1724733032.711340189 0.759297 1.58801 -0.283828 0.645757 0.211041 0.240488 0.693271
1724733032.911311150 0.709656 1.78004 -0.287794 0.672114 0.225042 0.228647 0.667337
1724733033.111311197 0.678862 1.93945 -0.28456 0.67361 0.217689 0.236862 0.665401
1724733033.277978182 0.65965 2.0498 -0.280865 0.672659 0.213108 0.239079 0.66705
1724733033.477987766 0.642458 2.14844 -0.280918 0.669027 0.216211 0.234863 0.67119
1724733033.677988052 0.633682 2.22223 -0.282 0.668372 0.196893 0.251562 0.671735
1724733033.877988577 0.615994 2.2662 -0.283828 0.670995 0.176706 0.265559 0.669342
1724733034.44633389 0.584699 2.28118 -0.28776 0.662738 0.184923 0.259071 0.677838
1724733034.244633675 0.526524 2.27486 -0.288042 0.658108 0.19013 0.257435 0.681521
1724733034.444648743 0.448272 2.25055 -0.284845 0.657616 0.189258 0.259436 0.68148
1724733034.611315727 0.369669 2.21702 -0.285341 0.660429 0.190224 0.258798 0.678728
1724733034.811316252 0.260211 2.15895 -0.277034 0.656401 0.190917 0.258148 0.682677
1724733035.11296034 0.128904 2.08454 -0.267457 0.660492 0.185997 0.262261 0.678509
1724733035.211296797 -0.0180249 1.99823 -0.26315 0.659998 0.187737 0.261564 0.67878
1724733035.377963781 -0.152991 1.91395 -0.263846 0.659276 0.223699 0.231839 0.679385
1724733035.577964067 -0.295109 1.80664 -0.264571 0.67345 0.244979 0.216315 0.663068
1724733035.777964592 -0.393146 1.6852 -0.261077 0.669853 0.239727 0.221294 0.666976
1724733035.944613695 -0.447711 1.57552 -0.263252 0.666962 0.252555 0.209742 0.66887
1724733036.144614220 -0.469302 1.43677 -0.265189 0.665381 0.25272 0.209145 0.670566
1724733036.344614744 -0.43766 1.29604 -0.262734 0.661551 0.241013 0.216283 0.676376
1724733036.544600248 -0.373115 1.15348 -0.267825 0.675976 0.231818 0.219114 0.664309
1724733036.711267233 -0.295197 1.02461 -0.269123 0.674781 0.226947 0.222731 0.666001
1724733036.911260843 -0.187296 0.856239 -0.27229 0.661569 0.235001 0.221544 0.676771
1724733037.111261129 -0.057254 0.687356 -0.275152 0.657766 0.227776 0.231832 0.679497
1724733037.277928114 0.0630173 0.549789 -0.274034 0.644049 0.223364 0.238261 0.691766
1724733037.477923632 0.208829 0.399083 -0.276356 0.628195 0.217927 0.242429 0.706475
1724733037.677924156 0.347553 0.273069 -0.288549 0.63464 0.225358 0.229108 0.702819
1724733037.877924204 0.489603 0.173402 -0.290989 0.635011 0.22692 0.226107 0.702954
1724733038.44624805 0.6122 0.107673 -0.299178 0.626493 0.256434 0.202599 0.707603
1724733038.244625330 0.786161 0.0638904 -0.296656 0.638252 0.234035 0.226951 0.697392
1724733038.444604635 0.963248 0.0381466 -0.295655 0.646627 0.205311 0.248502 0.691352
1724733038.611271620 1.09624 0.0192996 -0.298133 0.653489 0.183981 0.262726 0.685622
1724733038.811272144 1.22443 -0.012643 -0.301415 0.643187 0.187547 0.255911 0.696883
1724733039.11261463 1.32014 -0.0421316 -0.309661 0.634036 0.188633 0.255947 0.704916
1724733039.211261988 1.38661 -0.0609026 -0.323513 0.63829 0.197931 0.250663 0.700412
1724733039.377928972 1.41799 -0.0630882 -0.3305 0.640451 0.204346 0.248509 0.697358
1724733039.577941418 1.43489 -0.0599066 -0.336696 0.642452 0.213379 0.241985 0.695103
1724733039.777941704 1.44923 -0.0539991 -0.342426 0.652961 0.225559 0.233035 0.684441
1724733039.944608927 1.46409 -0.0474975 -0.345328 0.656653 0.237763 0.222748 0.68019
1724733040.144609451 1.50438 -0.0470926 -0.345542 0.651259 0.23534 0.225695 0.685228
1724733040.344609737 1.55903 -0.0457292 -0.346288 0.647499 0.22837 0.23207 0.689011
1724733040.544591427 1.62137 -0.0374725 -0.348195 0.647966 0.230569 0.227804 0.689263
1724733040.711258411 1.67985 -0.0261038 -0.352229 0.645076 0.230502 0.22699 0.692258
1724733040.911258459 1.75654 -0.00218104 -0.358173 0.644914 0.226617 0.229681 0.692804
1724733041.111206532 1.83345 0.0294311 -0.360298 0.649098 0.211554 0.241095 0.689775
1724733041.277873755 1.89403 0.0529618 -0.359729 0.635495 0.194244 0.254576 0.702571
1724733041.477874041 1.9327 0.091083 -0.360704 0.628146 0.194708 0.253185 0.70952
1724733041.677874565 1.94552 0.143363 -0.364423 0.629047 0.201408 0.246653 0.709152
1724733041.877875090 1.9345 0.210257 -0.366052 0.628524 0.204034 0.244509 0.709607
1724733042.44554472 1.92021 0.28062 -0.367251 0.627897 0.209449 0.240131 0.71008
1724733042.244554758 1.8899 0.378881 -0.373357 0.630893 0.206044 0.24316 0.707384
1724733042.444529057 1.84022 0.488549 -0.378144 0.630686 0.207259 0.24128 0.707858
1724733042.611196041 1.79028 0.589382 -0.378984 0.62827 0.206589 0.241076 0.710268
1724733042.811196566 1.71707 0.723046 -0.381965 0.63352 0.207976 0.237525 0.706385
1724733043.11208296 1.64113 0.866669 -0.383345 0.632871 0.211819 0.232262 0.707575
1724733043.211208582 1.55976 1.02017 -0.383295 0.632692 0.205285 0.237358 0.707969
1724733043.377875566 1.48434 1.156 -0.383118 0.644281 0.211889 0.232016 0.697261
1724733043.577858448 1.39984 1.31624 -0.381217 0.67061 0.208719 0.23328 0.672532
1724733043.777858734 1.32543 1.44911 -0.371029 0.671565 0.184649 0.253141 0.671435
1724733043.944507360 1.25554 1.5341 -0.367277 0.667685 0.189424 0.251158 0.674711
1724733044.144507885 1.16436 1.61017 -0.362944 0.664202 0.190937 0.254331 0.676531
1724733044.344508171 1.06272 1.66217 -0.358597 0.660007 0.187608 0.262157 0.678578
1724733044.544497252 0.948098 1.6898 -0.355501 0.658628 0.195552 0.256757 0.679739
1724733044.711164236 0.846263 1.69663 -0.348773 0.657605 0.189747 0.260535 0.680935
1724733044.911164999 0.716365 1.68537 -0.336994 0.65727 0.195279 0.25281 0.682605
1724733045.111182451 0.582292 1.65523 -0.319579 0.660617 0.198139 0.250439 0.679416
1724733045.277849436 0.471541 1.62371 -0.301836 0.656581 0.202435 0.2504 0.682071
1724733045.477821827 0.334458 1.58048 -0.284039 0.65434 0.205756 0.253404 0.682122
1724733045.677822113 0.191029 1.52574 -0.276344 0.657464 0.199363 0.262325 0.677628
1724733045.877822399 0.0389109 1.45829 -0.268061 0.664608 0.191112 0.270457 0.669795
1724733046.44500113 -0.0981839 1.38519 -0.268444 0.664691 0.220608 0.245622 0.670214
1724733046.244500160 -0.249065 1.28559 -0.264076 0.661353 0.246112 0.224571 0.672019
1724733046.444527626 -0.362811 1.18546 -0.25222 0.625921 0.268496 0.206062 0.702617
1724733046.611194611 -0.423761 1.12797 -0.249223 0.605126 0.311957 0.166979 0.713179
1724733046.811194897 -0.422087 1.12314 -0.241706 0.607311 0.318228 0.163323 0.709387
1724733047.11167526 -0.344749 1.17893 -0.234076 0.614344 0.289024 0.191988 0.708652
1724733047.211168051 -0.213652 1.27401 -0.227162 0.624601 0.280192 0.196066 0.702086
1724733047.377835035 -0.0939903 1.37312 -0.229753 0.64434 0.23823 0.232878 0.688361
1724733047.577842474 0.0441424 1.48515 -0.238683 0.681232 0.22596 0.238951 0.65404
1724733047.777842999 0.167346 1.55143 -0.239143 0.692856 0.1972 0.25551 0.644808
1724733047.944502354 0.241915 1.56189 -0.242261 0.680226 0.192918 0.256321 0.659071
1724733048.144502640 0.337504 1.5424 -0.247545 0.662939 0.196936 0.254443 0.676008
1724733048.344503403 0.4316 1.50482 -0.264215 0.65797 0.19735 0.257197 0.67969
1724733048.544497013 0.503595 1.45084 -0.277496 0.64858 0.196629 0.260798 0.687507
1724733048.711163998 0.540225 1.40217 -0.2888 0.651089 0.194586 0.265902 0.683752
1724733048.911164522 0.561239 1.3362 -0.29782 0.656341 0.193347 0.271308 0.676923
1724733049.111138821 0.554767 1.24959 -0.307942 0.657939 0.195989 0.273683 0.673649
1724733049.277805805 0.530534 1.1625 -0.317353 0.653677 0.207081 0.271265 0.675455
1724733049.477833509 0.488109 1.04289 -0.325786 0.636745 0.250315 0.240212 0.688619
1724733049.677833796 0.467657 0.935747 -0.33186 0.631165 0.273248 0.221237 0.69139
1724733049.877834320 0.487417 0.855924 -0.3335 0.622525 0.273102 0.220315 0.699528
1724733050.44519901 0.531729 0.81412 -0.32928 0.629868 0.23693 0.250259 0.696061
1724733050.244520426 0.591093 0.779636 -0.330316 0.631407 0.228764 0.252271 0.696672
1724733050.444527388 0.642777 0.758668 -0.328652 0.632899 0.219841 0.259499 0.695535
1724733050.611194372 0.677308 0.749483 -0.324087 0.630401 0.209971 0.267976 0.697635
1724733050.811194897 0.697533 0.74281 -0.322253 0.640958 0.2129 0.263726 0.688691
1724733051.11138201 0.70012 0.731883 -0.318511 0.635631 0.211223 0.261387 0.695007
1724733051.211138964 0.683948 0.721819 -0.320389 0.631447 0.217422 0.251998 0.700356
1724733051.377805948 0.658662 0.71909 -0.322728 0.627192 0.218468 0.247344 0.705495
1724733051.577790499 0.619811 0.735456 -0.325705 0.620988 0.212416 0.247036 0.7129
1724733051.777791023 0.563012 0.772371 -0.331902 0.624524 0.21696 0.238568 0.711325
1724733051.944458008 0.511575 0.817042 -0.342438 0.668724 0.233183 0.220612 0.670645
1724733052.144458294 0.47218 0.853255 -0.339894 0.668511 0.231109 0.221756 0.671197
1724733052.344458818 0.454827 0.869894 -0.338677 0.666329 0.227873 0.226047 0.67304
1724733052.544464588 0.454592 0.873216 -0.346409 0.662913 0.227444 0.22855 0.675707
1724733052.711131573 0.464256 0.866763 -0.365712 0.656534 0.227991 0.230174 0.681177
1724733052.911131859 0.487247 0.853176 -0.398574 0.652631 0.224853 0.234252 0.684573
1724733053.111067772 0.520814 0.835268 -0.433405 0.640167 0.220508 0.241732 0.695074
1724733053.277734756 0.545024 0.830827 -0.474997 0.638265 0.220042 0.244477 0.69601
1724733053.477735043 0.571301 0.826741 -0.523496 0.640577 0.21572 0.248445 0.693831
1724733053.677735567 0.585475 0.832566 -0.570494 0.642154 0.213738 0.248615 0.692925
1724733053.877735853 0.589871 0.836227 -0.619195 0.644222 0.214054 0.247644 0.691253
1724733054.44373989 0.590384 0.844266 -0.659339 0.646953 0.211229 0.248174 0.689379
1724733054.244374514 0.585857 0.841877 -0.704493 0.649503 0.217347 0.242442 0.687116
1724733054.444374800 0.581327 0.838215 -0.751781 0.651736 0.220613 0.242737 0.683849
1724733054.611091375 0.580195 0.836846 -0.786902 0.648735 0.219483 0.247384 0.685398
1724733054.811091900 0.576888 0.828786 -0.838973 0.650524 0.223636 0.246086 0.682823
1724733055.11066675 0.577935 0.82022 -0.891098 0.648507 0.225443 0.245318 0.684422
1724733055.211067200 0.573498 0.801443 -0.933922 0.646972 0.225823 0.244256 0.686127
1724733055.377734184 0.578757 0.789744 -0.963186 0.648046 0.223301 0.242741 0.686476
1724733055.577708721 0.592928 0.772128 -0.990052 0.645538 0.216416 0.242721 0.691036
1724733055.777709007 0.598654 0.754574 -1.0135 0.638081 0.214279 0.240193 0.69946
1724733055.944375992 0.600944 0.750657 -1.03694 0.644154 0.208982 0.24024 0.695468
1724733056.144359350 0.619615 0.72974 -1.05926 0.638498 0.210468 0.240731 0.700051
1724733056.344359636 0.629089 0.724788 -1.08652 0.637284 0.214278 0.243257 0.699128
1724733056.544343472 0.637558 0.711317 -1.09569 0.644606 0.223003 0.240273 0.690667
1724733056.711010456 0.636367 0.712002 -1.09841 0.646466 0.221965 0.241136 0.688961
1724733056.911010742 0.635085 0.71382 -1.10222 0.646388 0.222282 0.24154 0.68879
1724733057.111011267 0.637304 0.703917 -1.10302 0.645864 0.222409 0.241147 0.689378
1724733057.277678251 0.638652 0.694764 -1.10575 0.643989 0.223311 0.240423 0.691091
1724733057.477679014 0.641746 0.682126 -1.10968 0.642706 0.224036 0.240173 0.692138
1724733057.677679539 0.64511 0.668672 -1.11431 0.643317 0.223912 0.240595 0.691463
1724733057.877679825 0.648935 0.656957 -1.11757 0.643784 0.226805 0.245888 0.688216
1724733058.44360638 0.652646 0.656533 -1.11987 0.634245 0.24943 0.269322 0.680429
1724733058.244360924 0.653597 0.676656 -1.12251 0.617106 0.288333 0.311013 0.662809
1724733058.444361687 0.65676 0.702814 -1.12123 0.608408 0.30601 0.329661 0.653851
1724733058.610999823 0.660475 0.715921 -1.12006 0.60645 0.309554 0.333565 0.652019
1724733058.811000109 0.666163 0.739326 -1.12311 0.605129 0.311868 0.335935 0.650927
1724733059.10994434 0.667224 0.755781 -1.12524 0.6047 0.312693 0.336665 0.650551
1724733059.210994720 0.669251 0.752091 -1.13651 0.604281 0.313183 0.337433 0.650308
1724733059.377661705 0.669862 0.75942 -1.13472 0.604321 0.313219 0.337309 0.650317
1724733059.577675819 0.67093 0.762802 -1.14349 0.604649 0.312631 0.336437 0.650747
1724733059.777676105 0.671901 0.76446 -1.15285 0.604587 0.312785 0.336637 0.650627
1724733059.944343090 0.672488 0.76524 -1.16132 0.6046 0.312821 0.336668 0.650581
1724733060.144330740 0.672789 0.765088 -1.17178 0.60458 0.312844 0.336696 0.650574
1724733060.344331026 0.672087 0.765202 -1.18304 0.604595 0.312861 0.336708 0.650546
1724733060.544295788 0.670341 0.764011 -1.1943 0.604566 0.312968 0.336798 0.650475
1724733060.710962772 0.669352 0.761471 -1.20358 0.604621 0.312945 0.336786 0.650441
1724733060.910963297 0.668399 0.757031 -1.21414 0.604585 0.313 0.336857 0.650412
1724733061.110963583 0.667987 0.751439 -1.22428 0.604573 0.313037 0.336906 0.650379
1724733061.277630568 0.666805 0.747902 -1.23253 0.604576 0.313058 0.336924 0.650358
1724733061.477658033 0.665699 0.742927 -1.24209 0.604586 0.313066 0.336942 0.650335
1724733061.677658319 0.664129 0.736534 -1.25136 0.604592 0.313105 0.336978 0.650292
1724733061.877658606 0.660946 0.730534 -1.2604 0.604568 0.313203 0.337028 0.650241
1724733062.44300795 0.658558 0.725106 -1.26801 0.604589 0.313181 0.337025 0.650234
1724733062.244301081 0.656508 0.719945 -1.27653 0.604615 0.313183 0.336989 0.650227
1724733062.444301605 0.653086 0.713508 -1.28405 0.604601 0.31323 0.337087 0.650168
1724733062.610961676 0.649721 0.709768 -1.29013 0.604585 0.313261 0.337084 0.650168
1724733062.810961962 0.645948 0.707417 -1.29757 0.604591 0.313256 0.337077 0.650169
1724733063.10962486 0.642839 0.70495 -1.30453 0.604552 0.313283 0.337087 0.650187
1724733063.210962772 0.639718 0.702204 -1.31116 0.604546 0.3133 0.33713 0.650162
1724733063.377629995 0.637631 0.700301 -1.31631 0.604536 0.313252 0.337098 0.650211
1724733063.577623606 0.635118 0.698604 -1.32226 0.604544 0.313246 0.337126 0.650192
1724733063.777624130 0.63323 0.69894 -1.32782 0.604528 0.313237 0.337153 0.650198
1724733063.944291115 0.632827 0.701168 -1.33216 0.604501 0.313262 0.337214 0.650179
1724733064.144275188 0.629269 0.703369 -1.33714 0.604504 0.313262 0.337192 0.650187
1724733064.344275713 0.625523 0.714678 -1.34143 0.604509 0.313259 0.337127 0.650217
1724733064.544275761 0.616732 0.737712 -1.34659 0.604418 0.313374 0.337188 0.650215
1724733064.710942984 0.603919 0.769677 -1.35258 0.604349 0.313398 0.337217 0.650252
1724733064.910943508 0.604153 0.776008 -1.35735 0.604289 0.313509 0.337339 0.650192
1724733065.110951185 0.592828 0.811696 -1.36311 0.604233 0.313537 0.337356 0.650222
1724733065.277618170 0.576396 0.843958 -1.3669 0.604134 0.313616 0.337441 0.650231
1724733065.477618694 0.56902 0.852687 -1.37021 0.604111 0.313669 0.337607 0.650141
1724733065.677596807 0.561835 0.860286 -1.37307 0.604096 0.313706 0.337735 0.65007
1724733065.877597332 0.556962 0.866575 -1.37557 0.604119 0.31368 0.337728 0.650065
1724733066.44272184 0.555124 0.866334 -1.37709 0.604144 0.313679 0.337742 0.650036
1724733066.244272709 0.551645 0.870653 -1.37891 0.60412 0.313724 0.337841 0.649984
1724733066.444272995 0.543208 0.877659 -1.38068 0.604137 0.313712 0.337894 0.649947
1724733066.610947609 0.534932 0.88339 -1.38139 0.604085 0.313779 0.337967 0.649925
1724733066.810947895 0.528664 0.895286 -1.3825 0.60412 0.313758 0.338001 0.649884
1724733067.10895014 0.534585 0.887382 -1.3843 0.604106 0.313805 0.338026 0.649862
1724733067.210895538 0.540969 0.878273 -1.38603 0.604098 0.313819 0.338103 0.649823
1724733067.377562761 0.538321 0.872516 -1.38626 0.604084 0.313855 0.338171 0.649783
1724733067.577564955 0.537378 0.868461 -1.38684 0.60405 0.313851 0.338224 0.649789
1724733067.777565479 0.535263 0.866306 -1.38742 0.604024 0.313879 0.338278 0.649772
1724733067.944232464 0.533535 0.864957 -1.38797 0.60401 0.313891 0.338325 0.649754
1724733068.144226313 0.532273 0.865582 -1.3889 0.603996 0.313891 0.338325 0.649767
1724733068.344226837 0.530907 0.865622 -1.38975 0.603995 0.31388 0.338335 0.649768
1724733068.544190168 0.529632 0.867466 -1.39019 0.604019 0.313857 0.338335 0.649757
1724733068.710857153 0.526339 0.86893 -1.38991 0.603988 0.313901 0.338404 0.649729
1724733068.910857439 0.521593 0.876872 -1.38911 0.603961 0.313884 0.338388 0.649771
1724733069.110918522 0.522163 0.86778 -1.38782 0.603976 0.313879 0.338433 0.649736
1724733069.277585506 0.671124 0.764728 -1.09666 0.606009 0.312164 0.334253 0.650831
1724733069.477585793 0.682006 0.759358 -1.09884 0.606174 0.312201 0.333713 0.650937
1724733069.677582264 0.686483 0.755681 -1.10019 0.606228 0.312057 0.333456 0.651088
