1724732921.446224689 -0.102599 -2.27463 0.184583 0.614095 0.0284242 0.0629676 0.786202
1724732921.646170139 0.0400496 -2.6349 0.164616 0.61339 0.0150341 0.115975 0.781074
1724732921.846170425 0.211675 -2.79962 0.162071 0.609681 0.0380422 0.1197 0.782633
1724732922.46170950 0.388733 -3.07505 0.139313 0.602403 0.041574 0.109601 0.789537
1724732922.246211290 0.57019 -3.25689 0.108642 0.617428 0.0297544 0.112353 0.777993
1724732922.446211338 0.816657 -3.39849 0.081986 0.606978 0.0713517 0.20295 0.765047
1724732922.646166086 1.13859 -3.52777 0.0768178 0.580176 0.205381 0.341044 0.710565
1724732922.846166372 1.42351 -3.48216 0.0810095 0.519059 0.333611 0.473088 0.628864
1724732923.46166658 1.65636 -3.34633 0.064616 0.462169 0.391868 0.548931 0.575773
1724732923.246145010 1.84362 -3.17592 0.0601368 0.454288 0.432613 0.574702 0.525533
1724732923.446145535 2.04134 -3.03805 0.0556652 0.394702 0.46645 0.618665 0.493851
1724732923.646183491 2.27201 -2.89383 0.079956 0.340042 0.473351 0.678623 0.44697
1724732923.846183777 2.35372 -2.58787 0.140641 0.299759 0.489488 0.729817 0.371366
1724732924.46184301 2.44628 -2.3048 0.155068 0.235511 0.500157 0.762175 0.336848
1724732924.246184826 2.56254 -2.07411 0.161253 0.185812 0.496077 0.783073 0.32585
1724732924.446185350 2.71324 -1.81509 0.14347 0.161101 0.518976 0.787789 0.289998
1724732924.646086931 2.81277 -1.59078 0.127467 0.115842 0.511418 0.819899 0.229778
1724732924.846087456 2.88535 -1.35033 0.144725 0.0806408 0.531897 0.831062 0.141135
1724732925.46087742 2.90865 -1.08524 0.133579 0.0455338 0.535898 0.838933 0.0832537
1724732925.246095896 2.93365 -0.803894 0.111311 0.0240989 0.527944 0.846815 0.0599957
1724732925.446096420 2.92999 -0.520453 0.096386 0.0270319 0.567401 0.821351 0.052035
1724732925.646127224 2.93602 -0.220011 0.0772432 0.0222273 0.55026 0.834317 0.0252022
1724732925.846127748 2.8723 0.0362433 0.0799037 0.0261676 0.554972 0.831132 -0.0232303
1724732926.56127310 2.75623 0.273994 0.0775191 -0.0344948 0.557245 0.825732 -0.0803468
1724732926.256131411 2.65642 0.51768 0.0534358 -0.0344806 0.544222 0.831508 -0.105962
1724732926.422798395 2.57833 0.734979 0.0643795 -0.0414165 0.557542 0.822109 -0.107554
1724732926.622799635 2.49035 1.00604 0.050085 -0.0594462 0.545483 0.82754 -0.11871
1724732926.822799921 2.37572 1.25608 0.0431254 -0.0688302 0.542857 0.820601 -0.164874
1724732926.989466906 2.25693 1.44749 0.050986 -0.0981569 0.546128 0.806103 -0.205689
1724732927.189402342 2.0905 1.66942 0.0239975 -0.127326 0.521958 0.81036 -0.233806
1724732927.389402628 1.94075 1.88961 0.0217583 -0.135801 0.542014 0.797933 -0.226012
1724732927.589403152 1.78987 2.1297 0.0226705 -0.144708 0.52461 0.805361 -0.235027
1724732927.756079197 1.65281 2.31391 0.025248 -0.149913 0.522413 0.796474 -0.265029
1724732927.956079245 1.4646 2.47246 0.0466737 -0.190639 0.515622 0.770929 -0.321652
1724732928.156072855 1.25779 2.62472 0.0290215 -0.219882 0.479923 0.769488 -0.359463
1724732928.322739840 1.08704 2.7501 0.02984 -0.223782 0.485871 0.768932 -0.350135
1724732928.522740126 0.88526 2.8683 0.0287118 -0.246958 0.475289 0.754799 -0.378668
1724732928.722757578 0.648679 3.00567 0.0256669 -0.24323 0.450436 0.749058 -0.420546
1724732928.922758102 0.412155 3.04837 0.0404434 -0.292538 0.445377 0.690393 -0.489303
1724732929.89425087 0.221429 3.05561 0.0399741 0.331373 -0.413095 -0.666772 0.524366
1724732929.289397478 -0.00668376 3.0364 0.0278488 0.357972 -0.39325 -0.642843 0.551328
1724732929.489398003 -0.233727 3.01436 0.0352067 0.384568 -0.378615 -0.61345 0.576574
1724732929.656043053 -0.423722 2.9817 0.0264665 0.383279 -0.354164 -0.585329 0.620528
1724732929.856043100 -0.664089 2.91879 0.0274207 0.415226 -0.333522 -0.509899 0.67554
1724732930.56043625 -0.830911 2.76559 0.0310802 0.469368 -0.27829 -0.423943 0.722856
1724732930.256045818 -0.967266 2.57004 0.00886811 0.482771 -0.224937 -0.365952 0.763161
1724732930.422712803 -1.08124 2.40705 0.00717867 0.508048 -0.209082 -0.33697 0.764606
1724732930.622686863 -1.1925 2.20369 0.00715967 0.505048 -0.174079 -0.290968 0.7937
1724732930.812687874 -1.29888 1.98581 0.00192557 0.497227 -0.154203 -0.225753 0.823421
1724732931.12688398 -1.36096 1.73715 0.00761702 0.537195 -0.114341 -0.152299 0.821677
1724732931.212690592 -1.38279 1.47966 -0.012616 0.539242 -0.0819816 -0.113596 0.830417
1724732931.379357576 -1.38136 1.25799 -0.0145856 0.542211 -0.061823 -0.101326 0.831816
1724732931.579358101 -1.39035 0.99082 -0.0147036 0.551162 -0.0536944 -0.0872423 0.828086
1724732931.779383659 -1.39133 0.701925 -0.0381349 0.543798 -0.0393663 -0.0490212 0.836857
1724732931.946050644 -1.37241 0.451973 -0.0347381 0.55821 -0.0264593 -0.00394442 0.829268
1724732932.145991564 -1.30821 0.151303 -0.0417251 0.579184 0.0175231 0.0438513 0.813828
1724732932.345991611 -1.22735 -0.15243 -0.0458535 0.580399 0.0172011 0.0774215 0.810461
1724732932.545992136 -1.13592 -0.461863 -0.00848982 0.625066 0.0461302 0.0732892 0.775754
1724732932.712693930 -1.05036 -0.733511 0.0320127 0.64506 0.0690025 0.0837094 0.756392
1724732932.912694454 -0.928398 -1.03651 0.0917771 0.649778 0.118331 0.127271 0.739992
1724732933.112694502 -0.823834 -1.32262 0.11699 0.651929 0.140433 0.173854 0.724597
1724732933.279361486 -0.717693 -1.54792 0.108784 0.627865 0.145379 0.17254 0.744903
1724732933.479362011 -0.609579 -1.82782 0.111722 0.623753 0.126867 0.171336 0.751985
1724732933.679321527 -0.495793 -2.11077 0.0823217 0.631972 0.127837 0.163381 0.74671
1724732933.879322052 -0.321429 -2.37202 0.067152 0.63105 0.168486 0.211657 0.727042
1724732934.45989037 -0.119854 -2.52686 0.0732372 0.612351 0.233355 0.269471 0.705661
1724732934.245962858 0.114465 -2.66918 0.0517605 0.579545 0.27591 0.318407 0.69758
1724732934.445963621 0.30161 -2.85238 0.0504015 0.577244 0.268906 0.310325 0.705817
1724732934.612620592 0.460797 -3.01123 0.036042 0.587938 0.262849 0.301518 0.703083
1724732934.812620878 0.704985 -3.18004 0.00601689 0.583369 0.273819 0.339636 0.685091
1724732935.12621403 0.994272 -3.22126 0.00817902 0.558956 0.356377 0.415158 0.623063
1724732935.212621927 1.26703 -3.20406 -0.0208414 0.512522 0.418668 0.460258 0.591778
1724732935.379288912 1.47433 -3.19569 -0.0232042 0.504941 0.421723 0.464755 0.59261
1724732935.579288960 1.70871 -3.20173 -0.0171912 0.500611 0.414357 0.474375 0.593856
1724732935.779289484 1.94968 -3.11404 -0.0264129 0.486129 0.414253 0.503099 0.582207
1724732935.945956469 2.15622 -2.98946 -0.0144233 0.446396 0.471336 0.550228 0.525188
1724732936.146009445 2.34963 -2.76065 -0.0271322 0.369579 0.528372 0.608209 0.462943
1724732936.346009970 2.53136 -2.55278 -0.0276224 0.344779 0.54452 0.624432 0.441259
1724732936.546010256 2.69913 -2.38184 -0.0195553 0.337877 0.551351 0.637619 0.41868
1724732936.712622404 2.84172 -2.2135 -0.025903 0.309039 0.551546 0.675211 0.379976
1724732936.912622690 2.9364 -1.94828 -0.00153148 0.253532 0.575086 0.723132 0.286492
1724732937.112622976 2.96354 -1.66948 -0.00370264 0.179308 0.603798 0.74673 0.213707
1724732937.279300451 2.99038 -1.44478 -0.0109985 0.138367 0.599286 0.767479 0.180795
1724732937.479300976 3.03929 -1.19779 -0.00563776 0.113892 0.616621 0.76297 0.157112
1724732937.679291964 3.09155 -0.94469 -0.0197872 0.101403 0.606628 0.77912 0.121209
1724732937.879292488 3.09933 -0.673331 -0.0085841 0.0672802 0.610727 0.787346 0.050723
1724732938.45959473 3.04161 -0.458141 -0.00220478 0.0159164 0.615799 0.787704 0.00777338
1724732938.245946646 2.94606 -0.205347 -0.0134295 -0.0366068 0.59729 0.800376 -0.0361019
1724732938.422612906 2.88373 0.0257358 -0.011207 -0.0397783 0.607615 0.792749 -0.0277592
1724732938.622612953 2.81985 0.2893 -0.0267991 -0.0446711 0.60053 0.797059 -0.0454488
1724732938.822576284 2.71048 0.560632 -0.0401436 -0.0695978 0.607968 0.78519 -0.094913
1724732938.989243269 2.57945 0.768521 -0.0369583 -0.113967 0.611216 0.76975 -0.144611
1724732939.189204454 2.38638 0.993346 -0.065713 -0.141788 0.619285 0.750727 -0.181084
1724732939.389204502 2.21173 1.22566 -0.0762897 -0.146516 0.610881 0.755119 -0.187491
1724732939.589205027 2.02649 1.4517 -0.10126 -0.143 0.601303 0.767549 -0.169868
1724732939.755927563 1.83193 1.61838 -0.118468 -0.180023 0.598441 0.746027 -0.230008
1724732939.955927849 1.57629 1.76897 -0.100908 -0.24159 0.583887 0.712304 -0.305504
1724732940.155897856 1.31877 1.87794 -0.0962954 -0.279956 0.560798 0.698861 -0.344563
1724732940.322564840 1.11746 1.95846 -0.0748684 -0.257155 0.540964 0.726001 -0.337864
1724732940.522565126 0.888268 2.072 -0.0615077 -0.237383 0.556706 0.724599 -0.329673
1724732940.722565651 0.63022 2.12527 -0.0695176 -0.268566 0.52575 0.714191 -0.376018
1724732940.922565937 0.344448 2.08866 -0.0691732 -0.363658 0.486104 0.640745 -0.470003
1724732941.89232922 0.119594 1.97878 -0.0932044 0.431036 -0.437699 -0.586497 0.527872
1724732941.289225817 -0.112896 1.80879 -0.150145 0.496325 -0.383248 -0.500846 0.596603
1724732941.489226341 -0.273949 1.60283 -0.240014 0.582581 -0.321979 -0.34211 0.663242
1724732941.679250717 -0.360638 1.41279 -0.38774 0.698636 -0.246466 -0.189976 0.64426
1724732941.879251003 -0.351755 1.2358 -0.515399 0.776389 -0.086223 -0.0369569 0.623233
1724732942.45917988 -0.296786 1.11356 -0.602526 0.785481 0.0747423 0.0386463 0.613139
1724732942.245876312 -0.271656 0.939968 -0.71991 0.766635 0.142096 0.0727251 0.621925
1724732942.445876360 -0.269667 0.756242 -0.882365 0.747391 0.147091 0.143897 0.631715
1724732942.612543344 -0.253832 0.625621 -1.04669 0.718926 0.152998 0.160552 0.658756
1724732942.812540531 -0.227332 0.502808 -1.20466 0.693878 0.150011 0.182168 0.680327
1724732943.12540817 -0.241062 0.452749 -1.28952 0.67638 0.152759 0.209792 0.68932
1724732943.212599277 -0.260151 0.409001 -1.32425 0.676472 0.136589 0.199233 0.695727
1724732943.379266262 -0.267597 0.38073 -1.33526 0.682869 0.119223 0.194415 0.694031
1724732943.579266787 -0.273026 0.362789 -1.34615 0.682698 0.140049 0.201133 0.688371
1724732943.779237747 -0.289016 0.348385 -1.35069 0.683848 0.145249 0.197201 0.687289
1724732943.945904732 -0.294133 0.336104 -1.34705 0.676157 0.158721 0.194922 0.692549
1724732944.145881414 -0.336119 0.318861 -1.352 0.669013 0.173808 0.180578 0.699717
1724732944.345881701 -0.331572 0.302536 -1.34582 0.661239 0.163687 0.175859 0.710664
1724732944.545881987 -0.271986 0.306927 -1.3272 0.657036 0.166761 0.178948 0.713072
1724732944.712526321 -0.248725 0.332922 -1.31408 0.656693 0.166357 0.1788 0.71352
1724732944.912526608 -0.283981 0.309421 -1.3231 0.656461 0.166385 0.179023 0.713671
1724732945.112527132 -0.318328 0.298308 -1.32757 0.656177 0.166503 0.179351 0.713822
1724732945.279191971 -0.347409 0.291649 -1.33133 0.655953 0.166584 0.179572 0.713953
1724732945.479192257 -0.383601 0.286121 -1.33638 0.655703 0.166707 0.179896 0.714073
1724732945.679174423 -0.420979 0.283306 -1.34208 0.655433 0.166828 0.18019 0.714218
1724732945.879174709 -0.459524 0.2834 -1.34827 0.655171 0.166922 0.180454 0.714369
1724732946.45841932 -0.492537 0.286255 -1.35359 0.65497 0.166998 0.180712 0.714472
1724732946.245910883 -0.533601 0.292363 -1.36041 0.654722 0.167065 0.18098 0.714615
1724732946.445911407 -0.575995 0.302327 -1.36747 0.654473 0.167129 0.181187 0.714776
1724732946.612578392 -0.612443 0.314337 -1.37346 0.654251 0.167237 0.181407 0.714898
1724732946.812515497 -0.65781 0.332228 -1.3813 0.653994 0.16735 0.181685 0.715036
1724732947.12515783 -0.704287 0.356537 -1.38925 0.653754 0.167406 0.181897 0.715189
1724732947.212513447 -0.754084 0.385085 -1.39843 0.653492 0.16749 0.182127 0.71535
1724732947.379180670 -0.795559 0.414123 -1.40567 0.653299 0.167522 0.18228 0.715479
1724732947.579181194 -0.846859 0.45506 -1.41457 0.653034 0.167582 0.182444 0.715666
1724732947.779181480 -0.898487 0.505105 -1.42353 0.652788 0.167652 0.18265 0.71582
1724732947.945848465 -0.939901 0.558482 -1.43061 0.652573 0.167679 0.182742 0.715987
1724732948.145848989 -0.992134 0.628806 -1.43869 0.652369 0.167658 0.182736 0.716179
1724732948.345784664 -1.049 0.704599 -1.44658 0.652086 0.167695 0.182832 0.716404
1724732948.545785189 -1.10517 0.767866 -1.45808 0.651849 0.167782 0.183049 0.716544
1724732948.712423563 -1.16713 0.771177 -1.47389 0.651675 0.16792 0.183424 0.716574
1724732948.912424088 -1.24031 0.795362 -1.49133 0.651478 0.168052 0.183759 0.716637
1724732949.112424612 -1.31946 0.812847 -1.51019 0.651266 0.168186 0.184096 0.716711
1724732949.279098749 -1.39023 0.815864 -1.52745 0.651072 0.168302 0.184435 0.716773
1724732949.479099035 -1.47786 0.839805 -1.5469 0.650818 0.168461 0.184832 0.716864
1724732949.679113626 -1.55099 0.919945 -1.56277 0.650628 0.168436 0.184842 0.71704
1724732949.879113913 -1.59391 1.13166 -1.56905 0.650366 0.168339 0.184574 0.71737
1724732950.45780897 -1.62724 1.23215 -1.5828 0.650286 0.168222 0.184466 0.717497
1724732950.245730162 -1.70364 1.31118 -1.60326 0.650127 0.168249 0.184642 0.717589
1724732950.445730686 -1.81233 1.38334 -1.62417 0.649867 0.168393 0.185016 0.717695
1724732950.612397671 -1.90876 1.43875 -1.64324 0.64966 0.168495 0.185349 0.717773
1724732950.812416553 -2.03998 1.52233 -1.66361 0.649364 0.16868 0.185809 0.717878
1724732951.12417078 -2.19316 1.60105 -1.68584 0.649043 0.16902 0.186455 0.717921
1724732951.212421179 -2.35103 1.68562 -1.70832 0.648709 0.169263 0.187046 0.718012
1724732951.379088163 -2.50135 1.76325 -1.7258 0.648421 0.169499 0.187559 0.718082
1724732951.579088449 -2.67093 1.93237 -1.73998 0.648019 0.169762 0.187987 0.718271
1724732951.779080629 -2.78207 2.17309 -1.75196 0.647698 0.169813 0.188094 0.71852
1724732951.945747614 -2.86037 2.35508 -1.76605 0.647526 0.169756 0.188024 0.718707
1724732952.145747900 -2.98076 2.53385 -1.78792 0.647319 0.169752 0.188116 0.718871
1724732952.345715761 -3.13016 2.69879 -1.81214 0.647041 0.169874 0.188375 0.719024
1724732952.545716047 -3.29906 2.85511 -1.83767 0.646773 0.170044 0.188757 0.719125
1724732952.712428570 -3.46245 2.98802 -1.85918 0.646548 0.170096 0.189026 0.719244
1724732952.912428856 -3.6811 3.16684 -1.88406 0.646207 0.170304 0.189458 0.719387
1724732953.112429142 -3.90179 3.35059 -1.91029 0.645895 0.17052 0.189942 0.719489
1724732953.279045343 -4.09311 3.50659 -1.93253 0.645641 0.170676 0.190329 0.719578
1724732953.479045868 -4.32465 3.71442 -1.95871 0.645353 0.170889 0.190804 0.71966
1724732953.679075956 -4.56392 3.93558 -1.98483 0.645059 0.171075 0.191263 0.719758
1724732953.879076481 -4.80762 4.17288 -2.01099 0.64475 0.171278 0.191665 0.719879
1724732954.45743465 -5.02794 4.39404 -2.03332 0.644432 0.171556 0.192127 0.719974
1724732954.245699406 -5.27489 4.669 -2.05977 0.644126 0.171794 0.192574 0.720072
1724732954.445699930 -5.52203 4.96209 -2.0863 0.64383 0.171955 0.192892 0.720213
1724732954.612366915 -5.38226 5.19413 -2.19762 0.660657 0.173075 0.177953 0.708457
1724732954.812361479 -4.99168 5.45335 -2.42438 0.660098 0.16913 0.177254 0.710104
1724732955.12361765 -4.62685 5.71638 -2.39056 0.660842 0.171182 0.1768 0.709032
1724732955.212393522 -4.56467 5.64945 -2.372 0.660903 0.171128 0.176699 0.709014
1724732955.379060507 -4.57026 5.6578 -2.36469 0.661019 0.171006 0.176397 0.70901
1724732955.579060793 -4.47744 5.56144 -2.34078 0.661187 0.17085 0.176019 0.708984
1724732955.779012203 -4.36363 5.43137 -2.31139 0.661194 0.170829 0.176027 0.708982
1724732955.945679188 -4.32435 5.38596 -2.31169 0.661101 0.170796 0.176246 0.709021
1724732956.145679474 -4.17114 5.20377 -2.27906 0.661045 0.170765 0.176402 0.709042
1724732956.345702410 -3.99051 4.98992 -2.23287 0.661058 0.170949 0.176397 0.708987
1724732956.545702934 -3.77533 4.7564 -2.19157 0.661044 0.170464 0.176145 0.709179
1724732956.712344170 -3.65868 4.64158 -2.17019 0.661062 0.169871 0.175896 0.709367
1724732956.912344456 -3.38044 4.32134 -2.10265 0.661085 0.169842 0.175817 0.709372
1724732957.112344980 -3.02989 3.92119 -2.01924 0.661142 0.169811 0.175694 0.709357
1724732957.278995275 -2.80029 3.68534 -1.98156 0.66106 0.168612 0.175143 0.709855
1724732957.478995562 -2.44125 2.93568 -1.57649 0.666085 0.185281 0.174772 0.701039
1724732957.678991318 -1.39104 1.8386 -1.37091 0.667236 0.183639 0.173282 0.700747
1724732957.878991365 -0.0383752 0.549459 -1.3327 0.662362 0.164307 0.175341 0.709602
1724732958.45658350 -0.0402437 0.489204 -1.33174 0.661571 0.166352 0.180268 0.708629
1724732958.245645046 -0.0365266 0.456406 -1.36573 0.658507 0.167721 0.180072 0.711205
1724732958.445645332 -0.0361548 0.453889 -1.37047 0.65811 0.16785 0.180047 0.711548
1724732958.612312317 -0.0360188 0.453034 -1.36911 0.658201 0.168111 0.179749 0.711477
1724732958.812313795 -0.035897 0.454087 -1.36612 0.658302 0.168495 0.179294 0.711409
1724732959.12314081 -0.0357015 0.452495 -1.36615 0.658248 0.1686 0.179295 0.711433
1724732959.212314367 -0.0354831 0.452765 -1.36543 0.658257 0.168775 0.179027 0.711451
1724732959.378981352 -0.0343425 0.44697 -1.37829 0.657261 0.168802 0.179031 0.712363
1724732959.578981876 -0.0330801 0.438708 -1.3945 0.655945 0.169446 0.180154 0.71314
1724732959.778982162 -0.0328231 0.437643 -1.39506 0.655426 0.169127 0.180247 0.713669
1724732959.945649147 -0.0370278 0.449125 -1.37129 0.640211 0.164622 0.183588 0.727547
1724732960.145649672 -0.0368313 0.454112 -1.37348 0.622079 0.16275 0.203864 0.73822
1724732960.345671654 -0.055172 0.447515 -1.35407 0.631424 0.158821 0.220083 0.726391
1724732960.545672178 -0.126596 0.475516 -1.33062 0.643677 0.172403 0.207049 0.716302
1724732960.712339163 -0.215237 0.600707 -1.35342 0.648538 0.175349 0.199119 0.713445
1724732960.912339449 -0.367064 0.743087 -1.35639 0.656003 0.172998 0.182782 0.711564
1724732961.112339973 -0.54743 0.901153 -1.35633 0.662821 0.166761 0.175124 0.708654
1724732961.278974295 -0.706119 1.06313 -1.32432 0.671538 0.1653 0.168228 0.702432
1724732961.478974581 -0.883939 1.23774 -1.25905 0.667554 0.15877 0.172127 0.706778
1724732961.678975344 -1.00616 1.41312 -1.17395 0.668098 0.161264 0.17057 0.706077
1724732961.878921032 -0.991254 1.49251 -1.08473 0.661963 0.155059 0.180088 0.710865
1724732962.45588017 -0.466005 1.08922 -1.08447 0.662588 0.156535 0.176696 0.710811
1724732962.245600939 -0.12036 0.712589 -1.15859 0.660896 0.146137 0.185822 0.712272
1724732962.445601225 -0.0849296 0.695269 -1.12573 0.658527 0.150006 0.181026 0.714892
1724732962.612268209 -0.0582795 0.685074 -1.08869 0.657494 0.146821 0.183741 0.715811
1724732962.812284231 -0.0356009 0.668087 -1.04587 0.654791 0.144797 0.18369 0.718708
1724732963.12284756 -0.0201138 0.651793 -1.00434 0.659445 0.145556 0.182496 0.714591
1724732963.212284803 -0.0141862 0.641327 -0.96835 0.664942 0.148508 0.182102 0.708969
1724732963.378951788 -0.0163866 0.632189 -0.94801 0.668415 0.148477 0.18505 0.704934
1724732963.578952312 -0.0201263 0.625747 -0.915507 0.670035 0.15851 0.175307 0.703701
1724732963.778853893 -0.0218267 0.615719 -0.88219 0.669313 0.159672 0.174461 0.704335
1724732963.945520878 -0.0220867 0.604996 -0.84872 0.670868 0.152279 0.1794 0.703252
1724732964.145521402 -0.0146567 0.593283 -0.813186 0.669428 0.155756 0.172449 0.705597
1724732964.345570087 -0.00496841 0.585207 -0.781874 0.668791 0.148791 0.176005 0.706826
1724732964.545570612 0.0105742 0.576806 -0.76696 0.668979 0.144109 0.17995 0.706624
1724732964.712240458 0.0219784 0.568385 -0.743057 0.66896 0.15008 0.175604 0.706493
1724732964.912240982 0.0331657 0.55281 -0.725181 0.67053 0.146775 0.180794 0.704386
1724732965.112241268 0.0399098 0.538966 -0.762317 0.668643 0.150918 0.178694 0.705839
1724732965.278876781 0.0448992 0.531405 -0.796711 0.667542 0.152492 0.178317 0.706638
1724732965.478877306 0.0456528 0.515574 -0.825138 0.665083 0.158641 0.177052 0.707919
1724732965.678877354 0.044116 0.513204 -0.846673 0.66523 0.152804 0.183286 0.707478
1724732965.878898144 0.0447259 0.50056 -0.848462 0.663356 0.164872 0.174685 0.708704
1724732966.45565128 0.0465947 0.494363 -0.840623 0.664264 0.158663 0.181038 0.707676
1724732966.245582819 0.0444902 0.496312 -0.83922 0.664064 0.159695 0.177356 0.708563
1724732966.445583344 0.0504458 0.490585 -0.837327 0.664295 0.154674 0.178574 0.709154
1724732966.612250566 0.0567261 0.486355 -0.843501 0.666746 0.148722 0.181635 0.707348
1724732966.812209606 0.0563559 0.485105 -0.820004 0.661958 0.15882 0.173561 0.711663
1724732967.12210131 0.060591 0.481293 -0.769295 0.667307 0.155577 0.177713 0.70634
1724732967.212189436 0.0667149 0.473695 -0.72828 0.669421 0.153437 0.179152 0.704441
1724732967.378856421 0.0671594 0.469999 -0.733359 0.669441 0.159144 0.174767 0.704257
1724732967.578856707 0.0733058 0.463997 -0.758881 0.66535 0.155813 0.180173 0.707509
1724732967.778862715 0.0789068 0.459774 -0.774786 0.663303 0.158507 0.181943 0.70838
1724732967.945529699 0.0806014 0.455554 -0.774119 0.664769 0.158182 0.183482 0.706679
1724732968.145529985 0.0786807 0.453938 -0.768799 0.666256 0.160924 0.179109 0.70578
1724732968.345548391 0.0794599 0.449359 -0.75586 0.659786 0.161428 0.178586 0.71185
1724732968.545548677 0.0829362 0.44865 -0.747185 0.677661 0.160189 0.179274 0.694965
1724732968.712225676 0.0869115 0.43925 -0.73698 0.684222 0.160991 0.178295 0.688573
1724732968.912225962 0.0978467 0.412241 -0.731097 0.691163 0.167591 0.171719 0.681704
1724732969.112226248 0.127101 0.363818 -0.723861 0.69544 0.168171 0.171176 0.677334
1724732969.278897762 0.162756 0.300804 -0.719324 0.690667 0.163483 0.174735 0.682437
1724732969.478898287 0.214978 0.209997 -0.716524 0.676882 0.162632 0.176114 0.695964
1724732969.678898335 0.270261 0.108739 -0.717711 0.675601 0.159492 0.179183 0.69715
1724732969.878833055 0.324807 0.0036387 -0.714715 0.640564 0.157222 0.181747 0.729333
1724732970.45500040 0.35909 -0.0652896 -0.719609 0.638531 0.149624 0.188811 0.730918
1724732970.245500565 0.38013 -0.119395 -0.731508 0.64522 0.154838 0.183425 0.725308
1724732970.445500851 0.389408 -0.157213 -0.73403 0.642741 0.155783 0.180146 0.728123
1724732970.612167835 0.388927 -0.169102 -0.733045 0.637138 0.152295 0.182806 0.733105
1724732970.812168121 0.373412 -0.159059 -0.739754 0.651481 0.152416 0.183425 0.720206
1724732971.12168407 0.345326 -0.131731 -0.736459 0.647805 0.153383 0.180791 0.723973
1724732971.212168932 0.310103 -0.0885848 -0.733418 0.636272 0.155812 0.175474 0.734907
1724732971.378835917 0.276002 -0.033933 -0.731587 0.638011 0.150995 0.176612 0.734132
1724732971.578836203 0.226302 0.0537715 -0.733599 0.643625 0.150445 0.173395 0.7301
1724732971.778816700 0.17012 0.160129 -0.735456 0.65373 0.147121 0.175898 0.721146
1724732971.945483923 0.123847 0.256217 -0.736439 0.668857 0.154185 0.16808 0.707536
1724732972.145484209 0.0755901 0.367221 -0.731522 0.663679 0.154151 0.166969 0.712663
1724732972.345484734 0.0330393 0.475656 -0.727993 0.661313 0.146842 0.172971 0.714971
1724732972.545485020 -0.00593044 0.587216 -0.72444 0.650794 0.151599 0.173068 0.723555
1724732972.712152004 -0.0374583 0.689153 -0.722009 0.653286 0.145251 0.187435 0.719018
1724732972.912119389 -0.0845668 0.812948 -0.722902 0.678566 0.15766 0.183116 0.693657
1724732973.112119913 -0.127746 0.914182 -0.717382 0.682199 0.168571 0.17717 0.689057
1724732973.278860807 -0.150627 0.981616 -0.708519 0.682963 0.160052 0.183473 0.688681
1724732973.478861094 -0.170854 1.03748 -0.699424 0.682786 0.164857 0.177054 0.689404
1724732973.678861618 -0.179849 1.0688 -0.695442 0.696256 0.168293 0.174346 0.675654
1724732973.878845453 -0.169591 1.066 -0.689415 0.685503 0.167335 0.175761 0.686435
1724732974.45512438 -0.144622 1.03903 -0.685782 0.663799 0.166774 0.17986 0.706547
1724732974.245497465 -0.110517 0.997294 -0.688016 0.664956 0.160374 0.189432 0.704435
1724732974.445497751 -0.0810437 0.963104 -0.691485 0.67555 0.165174 0.18532 0.694267
1724732974.612164736 -0.0548628 0.932571 -0.689104 0.675451 0.165638 0.183956 0.694615
1724732974.812107325 -0.0210069 0.888614 -0.685016 0.673907 0.164658 0.18305 0.696584
1724732975.12107611 0.0147138 0.838561 -0.679933 0.641646 0.152772 0.193525 0.726291
1724732975.212108374 0.0389392 0.806748 -0.684732 0.651653 0.155475 0.187469 0.718353
1724732975.378775358 0.0510873 0.792021 -0.685323 0.654187 0.154885 0.184667 0.716902
1724732975.578775883 0.0608496 0.782081 -0.689021 0.654505 0.17488 0.164069 0.717023
1724732975.778750896 0.0855287 0.784316 -0.692455 0.662445 0.181175 0.158351 0.709413
1724732975.945417881 0.124119 0.796765 -0.689509 0.663366 0.183457 0.156143 0.708455
1724732976.145418406 0.189194 0.809696 -0.695255 0.661259 0.180537 0.160707 0.710152
1724732976.345415354 0.273091 0.829356 -0.695939 0.664951 0.177365 0.162372 0.707119
1724732976.545415878 0.373521 0.856 -0.699515 0.661132 0.177543 0.162471 0.710624
1724732976.712082863 0.467741 0.882547 -0.702212 0.661481 0.168094 0.169466 0.710963
1724732976.912078619 0.584253 0.915116 -0.708262 0.659788 0.170667 0.165254 0.712912
1724732977.112079144 0.709178 0.948764 -0.718344 0.661863 0.171101 0.163239 0.711347
1724732977.278732061 0.819755 0.982568 -0.724742 0.664626 0.166369 0.166608 0.709109
1724732977.478732586 0.955204 1.02419 -0.728196 0.665764 0.147598 0.183281 0.708083
1724732977.678733110 1.07805 1.06128 -0.733015 0.669356 0.137506 0.192402 0.704298
1724732977.878726006 1.17817 1.08388 -0.734788 0.674538 0.10267 0.223186 0.696165
1724732978.45392990 1.21985 1.08107 -0.734908 0.680479 0.0699112 0.248015 0.685965
1724732978.245412827 1.19906 1.03884 -0.743135 0.681803 0.0951176 0.22445 0.689724
1724732978.445413351 1.12558 0.9664 -0.74686 0.675614 0.103181 0.21778 0.696758
1724732978.612080336 1.03473 0.88651 -0.750273 0.674504 0.10594 0.216608 0.697784
1724732978.812009573 0.895537 0.774242 -0.754075 0.670749 0.13298 0.192636 0.703778
1724732979.12010098 0.746867 0.655929 -0.757769 0.658745 0.167457 0.162045 0.715371
1724732979.212010145 0.620197 0.550504 -0.760087 0.656091 0.186772 0.143437 0.716998
1724732979.378682613 0.542501 0.477763 -0.75469 0.658879 0.18172 0.145919 0.715237
1724732979.578683138 0.4768 0.411604 -0.75106 0.659952 0.176533 0.150613 0.714574
1724732979.778704882 0.438708 0.365611 -0.74944 0.656131 0.176447 0.153808 0.717427
1724732979.945371866 0.426366 0.340224 -0.747493 0.660146 0.169042 0.163864 0.713289
1724732980.145372391 0.423116 0.319703 -0.748321 0.671484 0.142308 0.188378 0.702404
1724732980.345374346 0.412885 0.294194 -0.745775 0.671841 0.13832 0.192713 0.701683
1724732980.545374870 0.375486 0.265537 -0.743014 0.673829 0.144446 0.18766 0.69991
1724732980.712041855 0.33132 0.230659 -0.744174 0.67267 0.14724 0.186623 0.700719
1724732980.911998987 0.279664 0.185918 -0.740005 0.674286 0.151102 0.181759 0.699621
1724732981.111999273 0.23287 0.131143 -0.735495 0.671983 0.149506 0.183405 0.701747
1724732981.278682470 0.187749 0.0827804 -0.731223 0.674308 0.145423 0.187401 0.699315
1724732981.478682756 0.125754 0.0176413 -0.728069 0.671285 0.144144 0.192099 0.701211
1724732981.678683043 0.0594445 -0.053178 -0.72265 0.667343 0.145018 0.194717 0.704066
1724732981.878683567 -0.0209218 -0.122845 -0.72155 0.649804 0.153585 0.188633 0.720128
1724732982.45350552 -0.0931086 -0.167199 -0.721501 0.634698 0.162209 0.179671 0.73387
1724732982.245350838 -0.177776 -0.192533 -0.723597 0.628396 0.165973 0.173915 0.739814
1724732982.445350170 -0.265604 -0.182185 -0.719282 0.62851 0.153089 0.182984 0.740308
1724732982.612017155 -0.348522 -0.147895 -0.71603 0.619813 0.155482 0.179751 0.747895
1724732982.812019825 -0.459723 -0.0720647 -0.717321 0.622074 0.147801 0.183156 0.746748
1724732983.12020350 -0.5899 0.036957 -0.720215 0.629187 0.155916 0.168766 0.742517
1724732983.212020636 -0.71403 0.178921 -0.725468 0.668026 0.153391 0.171668 0.707631
1724732983.378687859 -0.810644 0.291365 -0.728326 0.69889 0.166688 0.161446 0.676538
1724732983.578687906 -0.892748 0.395418 -0.721291 0.690324 0.162556 0.169867 0.684233
1724732983.778633833 -0.951745 0.469256 -0.718248 0.67992 0.165826 0.170115 0.693737
1724732983.945300817 -0.987489 0.518186 -0.720257 0.672987 0.172848 0.168563 0.699141
1724732984.145301104 -1.00671 0.567535 -0.720217 0.667175 0.178768 0.164612 0.704146
1724732984.345302820 -1.00092 0.613053 -0.718461 0.661822 0.17441 0.169766 0.70905
1724732984.545302868 -0.976357 0.656483 -0.715472 0.659916 0.174288 0.168798 0.711085
1724732984.711969852 -0.943704 0.693373 -0.712541 0.661303 0.166609 0.173358 0.71054
1724732984.911971331 -0.903502 0.746689 -0.717018 0.660151 0.169316 0.168987 0.712022
1724732985.111971617 -0.843277 0.791312 -0.706739 0.659521 0.166414 0.166757 0.713814
1724732985.278631449 -0.79267 0.840429 -0.705251 0.661416 0.164603 0.165084 0.712869
1724732985.478631735 -0.725218 0.899143 -0.697036 0.66234 0.158986 0.16875 0.712427
1724732985.678632021 -0.651157 0.962603 -0.697754 0.662715 0.16223 0.166685 0.711833
1724732985.878594398 -0.572815 1.0184 -0.692004 0.666237 0.160854 0.171403 0.707726
1724732986.45261383 -0.502496 1.06189 -0.698164 0.66505 0.166768 0.168647 0.708135
1724732986.245261908 -0.412145 1.11277 -0.70177 0.665635 0.15963 0.175967 0.707449
1724732986.445292473 -0.319866 1.15811 -0.707005 0.664025 0.168522 0.165185 0.709497
1724732986.611959457 -0.236987 1.19746 -0.709955 0.664071 0.16511 0.167388 0.70974
1724732986.811956406 -0.12964 1.24394 -0.71192 0.664192 0.163375 0.168515 0.70976
1724732987.11956453 -0.0169344 1.29175 -0.712481 0.664935 0.167252 0.166652 0.708601
1724732987.211956978 0.104801 1.33779 -0.712018 0.66063 0.17335 0.164664 0.711621
1724732987.378594637 0.214815 1.38032 -0.712979 0.662532 0.165047 0.17455 0.709467
1724732987.578594923 0.347596 1.42558 -0.716933 0.669245 0.150391 0.189722 0.702495
1724732987.778576136 0.466555 1.46099 -0.723552 0.678612 0.148437 0.19276 0.693034
1724732987.945243120 0.55492 1.47349 -0.728128 0.677569 0.15846 0.186145 0.693643
1724732988.145243406 0.65641 1.47371 -0.73088 0.673747 0.157762 0.189096 0.69672
1724732988.345276356 0.752527 1.46426 -0.732726 0.672589 0.15929 0.187616 0.697891
1724732988.545276880 0.842519 1.44618 -0.736552 0.672124 0.158106 0.187608 0.69861
1724732988.711943865 0.917009 1.42758 -0.74085 0.670605 0.162156 0.185734 0.699641
1724732988.911861181 1.0069 1.40256 -0.743856 0.670873 0.162651 0.187737 0.698734
1724732989.111861467 1.09325 1.37147 -0.745075 0.672069 0.16038 0.188894 0.697797
1724732989.278549671 1.15761 1.3396 -0.742968 0.672203 0.164754 0.181755 0.698545
1724732989.478549719 1.23429 1.29689 -0.740579 0.657822 0.153931 0.187463 0.713045
1724732989.678550243 1.30216 1.26358 -0.74093 0.655592 0.149836 0.18925 0.715495
1724732989.878543139 1.35698 1.24178 -0.747137 0.65913 0.152925 0.186625 0.712273
1724732990.45210123 1.39203 1.22762 -0.753003 0.671843 0.144525 0.193349 0.700254
1724732990.245210648 1.42271 1.20412 -0.757299 0.67166 0.144578 0.192019 0.700785
1724732990.445225716 1.43752 1.17036 -0.756692 0.672184 0.136412 0.197557 0.700379
1724732990.611892939 1.43899 1.13373 -0.754926 0.673541 0.13113 0.200727 0.699183
1724732990.811869621 1.41389 1.08018 -0.745943 0.673108 0.122407 0.207596 0.699175
1724732991.11869907 1.36576 1.017 -0.744287 0.663381 0.159994 0.177032 0.709216
1724732991.211870432 1.33143 0.957213 -0.739083 0.661089 0.165027 0.175382 0.710611
1724732991.378545284 1.31431 0.913225 -0.713211 0.662961 0.158242 0.178863 0.709542
1724732991.578545570 1.30233 0.863956 -0.664561 0.664036 0.150005 0.181978 0.709534
1724732991.778557062 1.28961 0.818585 -0.610508 0.667038 0.146576 0.17901 0.708189
1724732991.945224047 1.28042 0.782686 -0.579788 0.671169 0.122511 0.195821 0.704398
1724732992.145224571 1.25112 0.726501 -0.581304 0.679495 0.0621174 0.239547 0.690685
1724732992.345246553 1.15175 0.637804 -0.59854 0.67904 0.0831796 0.216289 0.696567
1724732992.545247078 1.00147 0.524956 -0.609236 0.671947 0.131996 0.178022 0.706663
1724732992.711914063 0.872074 0.428943 -0.607309 0.66018 0.166746 0.151818 0.716456
1724732992.911854506 0.742066 0.330914 -0.592683 0.657283 0.166072 0.153595 0.718893
1724732993.111855268 0.638112 0.254647 -0.575907 0.659481 0.169917 0.153351 0.716028
1724732993.278522253 0.570005 0.204989 -0.562842 0.660616 0.173168 0.151792 0.714534
1724732993.478522539 0.513813 0.15912 -0.547607 0.664764 0.173386 0.15546 0.709829
1724732993.678523064 0.481926 0.119047 -0.539104 0.681047 0.164884 0.165278 0.694026
1724732993.878455877 0.465329 0.0643219 -0.532119 0.681668 0.162518 0.169383 0.692983
1724732994.45122862 0.466699 0.00387791 -0.526236 0.681674 0.161496 0.170101 0.69304
1724732994.245123148 0.473276 -0.0760998 -0.52508 0.67466 0.157118 0.17592 0.699429
1724732994.445177555 0.478941 -0.157274 -0.523281 0.652762 0.144771 0.18766 0.719533
1724732994.611844778 0.472782 -0.215618 -0.528673 0.647046 0.153252 0.181245 0.724566
1724732994.811862707 0.456721 -0.272376 -0.535937 0.658022 0.143759 0.191187 0.713994
1724732995.11863232 0.426431 -0.320642 -0.538189 0.6661 0.149166 0.186362 0.706632
1724732995.211863518 0.389009 -0.371545 -0.536611 0.669074 0.144265 0.188581 0.704248
1724732995.378495693 0.349932 -0.414484 -0.536469 0.666787 0.152628 0.181059 0.706624
1724732995.578495979 0.297437 -0.46914 -0.538206 0.666221 0.156782 0.177638 0.707117
1724732995.778496265 0.248885 -0.523832 -0.540891 0.65063 0.173082 0.164876 0.720791
1724732995.945152521 0.216865 -0.556611 -0.5411 0.630272 0.159759 0.177471 0.738741
1724732996.145153046 0.169674 -0.564283 -0.550987 0.635903 0.15881 0.175469 0.734586
1724732996.345128059 0.117076 -0.544982 -0.56273 0.644883 0.15729 0.176406 0.726819
1724732996.545128584 0.0624638 -0.502619 -0.565609 0.650152 0.153181 0.180031 0.722099
1724732996.711795568 0.015368 -0.456071 -0.566029 0.647033 0.156833 0.177688 0.724692
1724732996.911845446 -0.0428253 -0.391083 -0.562975 0.64685 0.155378 0.17807 0.725075
1724732997.111845732 -0.106582 -0.31669 -0.559897 0.646378 0.152643 0.177849 0.726131
1724732997.278512716 -0.163227 -0.24954 -0.556277 0.644852 0.15158 0.172661 0.728957
1724732997.478475571 -0.234098 -0.157783 -0.553722 0.643897 0.145988 0.166892 0.732278
1724732997.678475857 -0.303678 -0.0498376 -0.553099 0.639771 0.148292 0.159162 0.737136
1724732997.878479004 -0.364769 0.0811104 -0.552945 0.643401 0.141396 0.163533 0.73437
1724732998.45145988 -0.411951 0.202637 -0.556863 0.666374 0.14708 0.158944 0.713477
1724732998.245146513 -0.454024 0.343382 -0.557796 0.678078 0.156074 0.15626 0.701023
1724732998.445147038 -0.474331 0.469809 -0.552209 0.672521 0.151653 0.17381 0.703212
1724732998.611814022 -0.482176 0.564093 -0.547627 0.669503 0.163448 0.174575 0.703259
1724732998.811770439 -0.482124 0.664635 -0.545706 0.665328 0.184953 0.164267 0.704377
1724732999.11771202 -0.458749 0.761789 -0.54384 0.654647 0.195318 0.160129 0.712494
1724732999.211771727 -0.409933 0.86544 -0.53993 0.654428 0.191138 0.16528 0.712652
1724732999.378457546 -0.35546 0.959533 -0.537118 0.653938 0.193914 0.160764 0.713384
1724732999.578457832 -0.27149 1.08026 -0.534269 0.65213 0.195645 0.154857 0.715869
1724732999.778458357 -0.163184 1.21131 -0.529459 0.654443 0.191478 0.155036 0.714846
1724732999.945100069 -0.0597759 1.32907 -0.524453 0.658737 0.184753 0.160226 0.711519
1724733000.145100355 0.0789159 1.46675 -0.52393 0.660283 0.181092 0.162622 0.710483
1724733000.345117569 0.225424 1.60566 -0.526329 0.662138 0.172417 0.170172 0.709146
1724733000.545117855 0.373764 1.74277 -0.528525 0.669984 0.15813 0.180852 0.702431
1724733000.711784840 0.490367 1.84413 -0.532798 0.677559 0.152968 0.184029 0.695448
1724733000.911785841 0.618726 1.94769 -0.53958 0.684503 0.158042 0.178909 0.688818
1724733001.111786127 0.741192 2.02578 -0.545371 0.691702 0.158588 0.177351 0.681869
1724733001.278453350 0.842832 2.06715 -0.549553 0.692855 0.160503 0.174811 0.680905
1724733001.478453875 0.968118 2.0883 -0.551215 0.677167 0.157272 0.177869 0.696472
1724733001.678454161 1.08717 2.09545 -0.552717 0.664231 0.148406 0.185993 0.708646
1724733001.878383160 1.18746 2.09478 -0.555647 0.66236 0.131641 0.200197 0.709838
1724733002.45050144 1.24401 2.08227 -0.552066 0.667097 0.113818 0.214582 0.704259
1724733002.245050430 1.27226 2.06686 -0.555921 0.671193 0.128452 0.203009 0.701275
1724733002.445074558 1.26814 2.03572 -0.558599 0.68198 0.144501 0.192016 0.690763
1724733002.611741543 1.25188 1.99515 -0.558013 0.687976 0.147572 0.190505 0.684558
1724733002.811730862 1.22876 1.92678 -0.552493 0.682446 0.149532 0.189967 0.689798
1724733003.11731148 1.20209 1.84198 -0.550129 0.68161 0.152543 0.186875 0.690809
1724733003.211731672 1.17789 1.74485 -0.552425 0.679685 0.157525 0.182873 0.692655
1724733003.378398657 1.16183 1.65457 -0.5582 0.678286 0.163616 0.177841 0.693924
1724733003.578398943 1.15247 1.54104 -0.562429 0.67507 0.177917 0.165271 0.696643
1724733003.778399467 1.16619 1.42732 -0.56621 0.673118 0.167481 0.172244 0.699425
1724733003.945062637 1.18934 1.33292 -0.571186 0.681493 0.162654 0.173552 0.692092
1724733004.145062923 1.22434 1.21227 -0.57104 0.685351 0.154289 0.177782 0.689117
1724733004.345054150 1.26555 1.08158 -0.565617 0.686841 0.154165 0.17658 0.687969
1724733004.545054674 1.31506 0.936167 -0.561173 0.687254 0.15191 0.178166 0.687649
1724733004.711721659 1.36081 0.805895 -0.561139 0.685647 0.151629 0.178709 0.689173
1724733004.911721945 1.41958 0.641304 -0.556279 0.674305 0.140806 0.186768 0.700431
1724733005.111722469 1.47106 0.47696 -0.553645 0.668129 0.130071 0.193205 0.706652
1724733005.278389454 1.49925 0.342486 -0.550991 0.666924 0.119288 0.19842 0.708246
1724733005.478336573 1.50725 0.182821 -0.554422 0.669516 0.116774 0.199112 0.706022
1724733005.678337097 1.48591 0.0210827 -0.560411 0.670422 0.119357 0.195459 0.70575
1724733005.878359318 1.44003 -0.14311 -0.566565 0.672497 0.127917 0.18777 0.704363
1724733006.45026302 1.38755 -0.280876 -0.570197 0.673814 0.128298 0.190027 0.702427
1724733006.245026827 1.30912 -0.449559 -0.573698 0.669132 0.136145 0.188577 0.705808
1724733006.445027113 1.21726 -0.618703 -0.579896 0.666564 0.147862 0.183415 0.70724
1724733006.611694098 1.13964 -0.75424 -0.585874 0.662693 0.159157 0.175351 0.710464
1724733006.811694622 1.05459 -0.902342 -0.595002 0.657144 0.176361 0.160384 0.715077
1724733007.11689663 0.993336 -1.03464 -0.599993 0.652938 0.175251 0.162193 0.718786
1724733007.211690187 0.95596 -1.14595 -0.60091 0.652081 0.174676 0.161444 0.719871
1724733007.378359079 0.941633 -1.21949 -0.598893 0.652218 0.168494 0.165514 0.720296
1724733007.578359604 0.935835 -1.29059 -0.596939 0.647839 0.164606 0.167165 0.724752
1724733007.778359890 0.937155 -1.34069 -0.59764 0.643033 0.154133 0.17498 0.729475
1724733007.944975376 0.934357 -1.37058 -0.602771 0.640543 0.145467 0.181411 0.73187
1724733008.144975901 0.920641 -1.38064 -0.608961 0.650017 0.144607 0.183309 0.723163
1724733008.344973564 0.89299 -1.37865 -0.614075 0.65101 0.145857 0.183745 0.721907
1724733008.544974089 0.853787 -1.36888 -0.611908 0.655451 0.138392 0.192875 0.716959
1724733008.711641073 0.805411 -1.35843 -0.612023 0.655692 0.143186 0.18706 0.717338
1724733008.911641359 0.739106 -1.33968 -0.60596 0.654337 0.146676 0.182016 0.719165
1724733009.111641884 0.664243 -1.31422 -0.598736 0.64838 0.149855 0.178143 0.724853
1724733009.278308868 0.598064 -1.2834 -0.595744 0.644961 0.151262 0.177061 0.72787
1724733009.478301048 0.513683 -1.23036 -0.592541 0.646264 0.144413 0.182007 0.726884
1724733009.678301573 0.418815 -1.16129 -0.588403 0.645706 0.148519 0.177319 0.727711
1724733009.878323555 0.316603 -1.07864 -0.584273 0.645045 0.150759 0.176001 0.728157
1724733010.44990540 0.225891 -0.998541 -0.582416 0.643948 0.150229 0.176816 0.729039
1724733010.244990826 0.110272 -0.891054 -0.579934 0.644293 0.148188 0.17729 0.729037
1724733010.444964409 -0.0140442 -0.768813 -0.57915 0.644242 0.148463 0.172015 0.730289
1724733010.611631393 -0.120082 -0.655286 -0.579074 0.646911 0.150175 0.166248 0.728913
1724733010.811631680 -0.243725 -0.505435 -0.579078 0.646782 0.146772 0.169569 0.728956
1724733011.11610031 -0.368199 -0.341874 -0.57612 0.650011 0.140004 0.178479 0.725279
1724733011.211610317 -0.494643 -0.168389 -0.572973 0.653378 0.145657 0.173837 0.722262
1724733011.378205299 -0.597442 -0.0196891 -0.567911 0.649184 0.142954 0.178657 0.725401
1724733011.578206062 -0.724807 0.166315 -0.566396 0.646057 0.143461 0.183268 0.72694
1724733011.778206348 -0.85352 0.361787 -0.563413 0.649341 0.149014 0.188882 0.721439
1724733011.944948435 -0.962309 0.526228 -0.556397 0.639378 0.152697 0.192248 0.728643
1724733012.144948959 -1.09951 0.732372 -0.548944 0.637831 0.151857 0.191165 0.730457
1724733012.344920397 -1.24043 0.950719 -0.546876 0.654277 0.181255 0.159881 0.716594
1724733012.544920921 -1.35274 1.17003 -0.537187 0.670474 0.189734 0.151005 0.701187
1724733012.711587906 -1.41424 1.3427 -0.523689 0.666088 0.20131 0.139634 0.704488
1724733012.911576748 -1.44606 1.54481 -0.508717 0.660714 0.192941 0.145936 0.710587
1724733013.111576796 -1.44246 1.74752 -0.49961 0.658028 0.189842 0.148349 0.713409
1724733013.278243780 -1.41313 1.91559 -0.494982 0.652761 0.212645 0.126764 0.715972
1724733013.478239298 -1.32406 2.12557 -0.485133 0.650862 0.212849 0.13012 0.717037
1724733013.678239584 -1.18704 2.34301 -0.478465 0.681261 0.169824 0.163955 0.692937
1724733013.878238440 -1.04031 2.53517 -0.4762 0.687683 0.174192 0.15997 0.68641
1724733014.44905424 -0.901131 2.66 -0.476187 0.725428 0.177246 0.156572 0.646392
1724733014.244905710 -0.72284 2.7557 -0.460491 0.731687 0.153273 0.172522 0.641387
1724733014.444922924 -0.531946 2.76987 -0.44807 0.692359 0.154262 0.172724 0.68338
1724733014.611589909 -0.37673 2.75692 -0.447589 0.665198 0.140027 0.184207 0.709909
1724733014.811590195 -0.211289 2.73044 -0.461094 0.659046 0.138965 0.184641 0.71572
1724733015.11566162 -0.0738554 2.70754 -0.479113 0.653495 0.14301 0.183511 0.720289
1724733015.211566687 0.0428057 2.68276 -0.498092 0.667997 0.151033 0.177765 0.70666
1724733015.378233671 0.133216 2.66809 -0.504983 0.672236 0.153171 0.176727 0.702427
1724733015.578233957 0.237971 2.63347 -0.507613 0.675078 0.159636 0.172014 0.699427
1724733015.778234482 0.337091 2.59408 -0.502972 0.674154 0.158815 0.175833 0.699555
1724733015.944901943 0.415389 2.55564 -0.499038 0.672963 0.154119 0.181018 0.700429
1724733016.144901991 0.507397 2.50877 -0.505438 0.672929 0.14964 0.18668 0.699947
1724733016.344902515 0.584794 2.45312 -0.515015 0.674147 0.158213 0.179857 0.698675
1724733016.544902802 0.65767 2.39384 -0.521698 0.670341 0.159476 0.179984 0.702009
1724733016.711569786 0.719731 2.34309 -0.526727 0.673956 0.161935 0.177388 0.698637
1724733016.911471605 0.795799 2.27959 -0.529411 0.682116 0.15849 0.176469 0.691706
1724733017.111471891 0.873795 2.20464 -0.531479 0.684646 0.143223 0.182115 0.691073
1724733017.278138876 0.93353 2.13175 -0.531522 0.677452 0.139233 0.179428 0.699627
1724733017.478208065 0.990328 2.04064 -0.534831 0.663804 0.132558 0.159586 0.718557
1724733017.678208351 1.03163 1.96115 -0.541724 0.664057 0.115312 0.129606 0.727278
1724733017.878196716 1.06262 1.90163 -0.54889 0.667868 0.0863421 0.105763 0.73165
1724733018.44863701 1.08615 1.86341 -0.553357 0.672366 0.0683529 0.0826977 0.732402
1724733018.244864225 1.11235 1.82969 -0.555744 0.678384 0.0465827 0.0581531 0.730919
1724733018.444864511 1.13965 1.80169 -0.556071 0.686567 0.0243665 0.0417864 0.725456
1724733018.611531496 1.16339 1.77766 -0.552791 0.690469 0.0173736 0.0377664 0.722167
1724733018.811532021 1.18576 1.74359 -0.547631 0.690267 0.0099797 0.0376332 0.722507
1724733019.11500359 1.19555 1.70586 -0.547828 0.691256 0.00423529 0.0386292 0.721564
1724733019.211500645 1.18686 1.66631 -0.551181 0.690129 0.000506229 0.0398736 0.722587
1724733019.378188848 1.17052 1.6335 -0.551821 0.689647 -0.000427078 0.0425415 0.722895
1724733019.578189135 1.12821 1.59598 -0.552671 0.687186 0.00546061 0.0418845 0.725252
1724733019.778189898 1.06932 1.54976 -0.557003 0.687437 0.00628832 0.0472825 0.724676
1724733019.944880486 1.00878 1.52713 -0.554801 0.686871 0.00688226 0.0516296 0.724911
1724733020.144880533 0.925331 1.48183 -0.55994 0.689834 0.00547169 0.0589887 0.72154
1724733020.344881058 0.82049 1.45219 -0.55744 0.70581 0.00428947 0.0640845 0.705483
1724733020.544832945 0.697418 1.39989 -0.551214 0.709176 0.00259067 0.0670899 0.701827
1724733020.711499929 0.580169 1.33832 -0.54582 0.702683 0.0129979 0.0582813 0.708993
1724733020.911512136 0.437911 1.24098 -0.545806 0.688584 0.0422148 0.0336116 0.723146
1724733021.111512899 0.318198 1.14087 -0.547857 0.698205 0.0438526 0.0312861 0.713868
1724733021.278179884 0.238633 1.04911 -0.545479 0.700262 0.0404375 0.0306694 0.712079
1724733021.478180170 0.164702 0.920696 -0.544735 0.696254 0.0617385 0.00792421 0.715092
1724733021.678180695 0.137565 0.778354 -0.540266 0.695033 0.0512957 0.0141587 0.717006
1724733021.878175974 0.141166 0.62129 -0.535114 0.692341 0.0166036 0.0379994 0.720378
1724733022.44842958 0.147341 0.487661 -0.528257 0.675407 0.00479413 0.0386124 0.736418
1724733022.244843483 0.149389 0.337755 -0.520914 0.660504 -0.00361626 0.0349582 0.75
1724733022.444819927 0.143951 0.214141 -0.51956 0.661547 -0.00408556 0.0248764 0.74948
1724733022.611486912 0.138935 0.132721 -0.518507 0.667242 -0.0066342 0.0210759 0.744513
1724733022.811487198 0.128882 0.0517237 -0.516406 0.666044 -0.00204062 0.014071 0.745777
1724733023.11495829 0.123644 -0.00940675 -0.523082 0.667828 0.00810696 0.0237241 0.743893
1724733023.211496353 0.121688 -0.0552461 -0.548028 0.67485 0.0259635 0.0394351 0.736443
1724733023.378159285 0.124022 -0.088619 -0.572777 0.677784 0.043276 0.0565119 0.731808
1724733023.578159571 0.132685 -0.130957 -0.598256 0.680231 0.0660296 0.0791022 0.72572
1724733023.778159857 0.142201 -0.175042 -0.620244 0.675422 0.0858045 0.11034 0.724063
1724733023.944811821 0.147205 -0.213287 -0.639043 0.66848 0.111108 0.129389 0.723911
1724733024.144812346 0.155773 -0.252409 -0.659874 0.657178 0.136639 0.158925 0.72401
1724733024.344812393 0.161633 -0.286347 -0.675311 0.650572 0.164022 0.184592 0.718177
1724733024.544806242 0.164633 -0.311114 -0.686089 0.643499 0.191955 0.207716 0.711278
1724733024.711473227 0.165175 -0.320725 -0.688603 0.640232 0.204348 0.21506 0.708586
1724733024.911486864 0.166035 -0.331693 -0.682644 0.660973 0.205598 0.217764 0.688058
1724733025.111487389 0.174912 -0.353122 -0.672532 0.645643 0.218409 0.206087 0.702118
1724733025.278154373 0.19073 -0.371 -0.668569 0.644476 0.216048 0.207181 0.703598
1724733025.478121996 0.216654 -0.385794 -0.670663 0.645971 0.208129 0.213016 0.702871
1724733025.678122520 0.253986 -0.385425 -0.672118 0.648114 0.201654 0.218467 0.70111
1724733025.878101826 0.278811 -0.394925 -0.677202 0.657032 0.17588 0.239416 0.69286
1724733026.44768810 0.27884 -0.417637 -0.679904 0.660907 0.175889 0.223688 0.694427
1724733026.244769096 0.267336 -0.450191 -0.669867 0.663486 0.168053 0.202974 0.700247
1724733026.444782257 0.252799 -0.485966 -0.664674 0.66362 0.163522 0.191314 0.704463
1724733026.611449480 0.24491 -0.521109 -0.67728 0.660021 0.170233 0.181003 0.708964
1724733026.811449766 0.244144 -0.556238 -0.691911 0.660434 0.171142 0.174549 0.709979
1724733027.11457205 0.255548 -0.584056 -0.703324 0.659789 0.162694 0.17588 0.712233
1724733027.211457491 0.260994 -0.599582 -0.69602 0.661388 0.163502 0.173266 0.711205
1724733027.378124475 0.277587 -0.609076 -0.682361 0.663084 0.158446 0.177995 0.7096
1724733027.578125000 0.287191 -0.614934 -0.674884 0.667251 0.157782 0.178167 0.705788
1724733027.778125286 0.294068 -0.622016 -0.674 0.66356 0.159958 0.176345 0.709228
1724733027.944731474 0.300764 -0.626256 -0.648047 0.66363 0.158784 0.179733 0.708575
1724733028.144731998 0.308492 -0.632426 -0.583903 0.668131 0.160516 0.178571 0.704236
1724733028.344732285 0.319145 -0.642436 -0.533416 0.66669 0.160483 0.179413 0.705394
1724733028.544732571 0.335917 -0.643844 -0.531611 0.650923 0.154944 0.183084 0.720258
1724733028.711399555 0.337959 -0.643945 -0.543308 0.645404 0.153396 0.181795 0.725861
1724733028.911400080 0.335054 -0.622299 -0.545513 0.654908 0.151329 0.180563 0.718048
1724733029.111400366 0.328114 -0.593892 -0.540844 0.653002 0.15484 0.176592 0.72002
1724733029.278067350 0.324581 -0.561353 -0.529239 0.650843 0.148182 0.183916 0.721541
1724733029.478007078 0.310404 -0.512215 -0.516917 0.648526 0.148615 0.184066 0.723496
1724733029.678007364 0.288002 -0.451624 -0.499172 0.648379 0.147247 0.185173 0.723625
1724733029.878007889 0.257754 -0.376154 -0.48934 0.647591 0.15552 0.177373 0.724554
1724733030.44663906 0.231899 -0.302039 -0.478107 0.649543 0.149468 0.185932 0.72193
1724733030.244663954 0.194838 -0.206308 -0.474658 0.673344 0.167824 0.175992 0.698191
1724733030.444664478 0.173743 -0.118896 -0.467896 0.672979 0.196852 0.162005 0.694337
1724733030.611331463 0.188704 -0.0511672 -0.457716 0.663693 0.203867 0.166638 0.70013
1724733030.811331749 0.235474 0.0314821 -0.448772 0.661122 0.192831 0.18396 0.701351
1724733031.11335135 0.29889 0.106613 -0.446084 0.6569 0.194621 0.18732 0.703929
1724733031.211335659 0.371603 0.183452 -0.443339 0.654022 0.197672 0.190264 0.704969
1724733031.378002644 0.436961 0.252122 -0.444326 0.656439 0.196974 0.188471 0.703397
1724733031.578002930 0.519626 0.337481 -0.447704 0.656503 0.186641 0.190315 0.705655
1724733031.778003454 0.600784 0.422788 -0.451403 0.659391 0.176266 0.188016 0.706246
1724733031.944690704 0.664914 0.495938 -0.450887 0.651242 0.167356 0.189159 0.715608
1724733032.144690990 0.731696 0.59119 -0.451594 0.626375 0.148528 0.200702 0.738453
1724733032.344691515 0.769077 0.722061 -0.450937 0.605025 0.147329 0.199954 0.756477
1724733032.544673204 0.771066 0.897837 -0.454118 0.620206 0.153338 0.196854 0.743694
1724733032.711340189 0.755401 1.0681 -0.461295 0.659479 0.162954 0.19029 0.708748
1724733032.911311150 0.733855 1.26367 -0.463593 0.686779 0.175084 0.180409 0.682006
1724733033.111311197 0.724213 1.42542 -0.458647 0.687699 0.167764 0.188836 0.680636
1724733033.277978182 0.721644 1.53483 -0.454635 0.686428 0.163358 0.190991 0.682388
1724733033.477987766 0.719921 1.63673 -0.453017 0.683033 0.166731 0.186475 0.686217
1724733033.677988052 0.723542 1.71265 -0.452819 0.68098 0.147513 0.203044 0.687953
1724733033.877988577 0.711927 1.75773 -0.453337 0.682127 0.127202 0.217186 0.686552
1724733034.44633389 0.681805 1.77558 -0.456323 0.674487 0.135993 0.210124 0.694566
1724733034.244633675 0.619653 1.77311 -0.456302 0.670253 0.141522 0.20827 0.698109
1724733034.444648743 0.536684 1.75866 -0.45294 0.669697 0.14068 0.21028 0.69821
1724733034.611315727 0.453902 1.73693 -0.452411 0.672573 0.141417 0.209833 0.695426
1724733034.811316252 0.335135 1.69993 -0.444557 0.668567 0.142442 0.208953 0.699333
1724733035.11296034 0.198458 1.64536 -0.437786 0.672348 0.137112 0.213157 0.695495
1724733035.211296797 0.0440644 1.58029 -0.43404 0.672037 0.138727 0.212293 0.695739
1724733035.377963781 -0.0974339 1.51537 -0.434736 0.674012 0.174525 0.182462 0.694231
1724733035.577964067 -0.250951 1.42904 -0.435085 0.689732 0.194661 0.168098 0.676845
1724733035.777964592 -0.364034 1.32162 -0.431831 0.685793 0.189586 0.172691 0.681119
1724733035.944613695 -0.434082 1.21962 -0.43423 0.683861 0.202518 0.160996 0.682203
1724733036.144614220 -0.477113 1.08469 -0.435672 0.682293 0.202746 0.160269 0.683875
1724733036.344614744 -0.472213 0.9401 -0.433822 0.677599 0.191279 0.167002 0.690204
1724733036.544600248 -0.437586 0.788468 -0.438741 0.691308 0.180966 0.170756 0.678371
1724733036.711267233 -0.381005 0.647574 -0.440117 0.689767 0.17619 0.174228 0.680311
1724733036.911260843 -0.290231 0.462643 -0.442735 0.677207 0.185238 0.17214 0.690974
1724733037.111261129 -0.176459 0.273851 -0.444437 0.672915 0.178331 0.182073 0.69443
1724733037.277928114 -0.0731859 0.117724 -0.44318 0.658946 0.174888 0.187496 0.707142
1724733037.477923632 0.0537351 -0.0573753 -0.444996 0.642764 0.170613 0.190554 0.722104
1724733037.677924156 0.176764 -0.2046 -0.457677 0.649747 0.177509 0.177481 0.717509
1724733037.877924204 0.306498 -0.325573 -0.461195 0.650229 0.178984 0.174433 0.717454
1724733038.44624805 0.420931 -0.407589 -0.47048 0.643905 0.20903 0.150605 0.720424
1724733038.244625330 0.591554 -0.475218 -0.467132 0.653958 0.185767 0.175549 0.712047
1724733038.444604635 0.767118 -0.52382 -0.465138 0.660169 0.156426 0.19737 0.707639
1724733038.611271620 0.898633 -0.563681 -0.466675 0.665432 0.134622 0.211955 0.70296
1724733038.811272144 1.02285 -0.617098 -0.469298 0.655444 0.138882 0.204312 0.713696
1724733039.11261463 1.11587 -0.665375 -0.476884 0.646434 0.14056 0.203715 0.721711
1724733039.211261988 1.18166 -0.693568 -0.490498 0.651362 0.149505 0.198748 0.716851
1724733039.377928972 1.21318 -0.701001 -0.496602 0.653998 0.155721 0.196828 0.71365
1724733039.577941418 1.2306 -0.700929 -0.501293 0.656675 0.164571 0.190509 0.710915
1724733039.777941704 1.24511 -0.697497 -0.505517 0.668057 0.175908 0.182399 0.699633
1724733039.944608927 1.25949 -0.692684 -0.507504 0.672648 0.187755 0.172456 0.694659
1724733040.144609451 1.29549 -0.695234 -0.507772 0.667071 0.185672 0.175007 0.699939
1724733040.344609737 1.34603 -0.698489 -0.508876 0.662757 0.178979 0.181077 0.704223
1724733040.544591427 1.40597 -0.694961 -0.511591 0.663305 0.181144 0.17679 0.704243
1724733040.711258411 1.46315 -0.690379 -0.516404 0.660398 0.181239 0.175707 0.707216
1724733040.911258459 1.54523 -0.679931 -0.521606 0.659895 0.177428 0.178414 0.707974
1724733041.111206532 1.62577 -0.660299 -0.527511 0.662999 0.162072 0.19003 0.705729
1724733041.277873755 1.68201 -0.640996 -0.522955 0.648126 0.145749 0.202457 0.719515
1724733041.477874041 1.72556 -0.609152 -0.524285 0.640847 0.146729 0.200521 0.726345
1724733041.677874565 1.74653 -0.560779 -0.527792 0.64229 0.153329 0.194017 0.725473
1724733041.877875090 1.74758 -0.49202 -0.528641 0.642003 0.156003 0.191831 0.725738
1724733042.44554472 1.73929 -0.4221 -0.533655 0.641857 0.161398 0.18751 0.725817
1724733042.244554758 1.72571 -0.321639 -0.536111 0.644619 0.157738 0.190693 0.72334
1724733042.444529057 1.69808 -0.204991 -0.541032 0.644517 0.158973 0.188702 0.723683
1724733042.611196041 1.66252 -0.0968149 -0.540824 0.642072 0.158374 0.188204 0.726113
1724733042.811196566 1.6097 0.0460883 -0.543367 0.647433 0.1593 0.184882 0.721992
1724733043.11208296 1.55135 0.200092 -0.542352 0.647069 0.163032 0.179427 0.722861
1724733043.211208582 1.49494 0.365482 -0.541998 0.64639 0.156577 0.18444 0.723633
1724733043.377875566 1.44334 0.512644 -0.544702 0.658453 0.162426 0.179976 0.712507
1724733043.577858448 1.38148 0.683721 -0.543296 0.684466 0.157315 0.183104 0.687918
1724733043.777858734 1.32693 0.826431 -0.533922 0.683602 0.133254 0.202973 0.688284
1724733043.944507360 1.2716 0.921307 -0.529977 0.680106 0.138305 0.200691 0.691412
1724733044.144507885 1.19381 1.01019 -0.525786 0.676761 0.140058 0.203661 0.69347
1724733044.344508171 1.10248 1.07621 -0.52116 0.672341 0.13705 0.211261 0.696091
1724733044.544497252 0.993796 1.11769 -0.51746 0.671587 0.145097 0.205805 0.696823
1724733044.711164236 0.895343 1.13261 -0.509948 0.670179 0.139449 0.209526 0.698221
1724733044.911164999 0.767599 1.13055 -0.497069 0.670323 0.145064 0.201751 0.699228
1724733045.111182451 0.630979 1.1255 -0.482844 0.67383 0.147594 0.199549 0.695952
1724733045.277849436 0.515212 1.11647 -0.467772 0.670081 0.152121 0.199276 0.69867
1724733045.477821827 0.372808 1.0957 -0.451332 0.668077 0.155561 0.202234 0.698981
1724733045.677822113 0.221878 1.06714 -0.444517 0.670701 0.148811 0.211345 0.695233
1724733045.877822399 0.0598934 1.02508 -0.436854 0.67719 0.139978 0.219997 0.688056
1724733046.44500113 -0.0878174 0.974834 -0.43713 0.679511 0.169295 0.195144 0.686675
1724733046.244500160 -0.25222 0.898747 -0.432149 0.678139 0.194912 0.173967 0.68693
1724733046.444527626 -0.382721 0.81763 -0.420746 0.644513 0.219859 0.153209 0.716095
1724733046.611194611 -0.454635 0.771471 -0.417935 0.627071 0.264774 0.113472 0.723741
1724733046.811194897 -0.456996 0.767579 -0.411451 0.629708 0.270848 0.110125 0.719709
1724733047.11167526 -0.374301 0.811902 -0.405394 0.634482 0.241188 0.138761 0.721115
1724733047.211168051 -0.234387 0.886625 -0.399024 0.644044 0.231591 0.143331 0.714863
1724733047.377835035 -0.105984 0.96934 -0.403773 0.660473 0.18832 0.18116 0.703912
1724733047.577842474 0.0455047 1.05903 -0.413664 0.696329 0.173346 0.189823 0.670107
1724733047.777842999 0.177069 1.10385 -0.414467 0.705792 0.143666 0.206908 0.662123
1724733047.944502354 0.263723 1.09883 -0.41778 0.692942 0.140245 0.206463 0.676414
1724733048.144502640 0.373532 1.05621 -0.420535 0.676151 0.145418 0.203021 0.69315
1724733048.344503403 0.461691 1.00404 -0.4333 0.671167 0.146415 0.20563 0.697004
1724733048.544497013 0.525943 0.940491 -0.446088 0.661709 0.146504 0.208696 0.70507
1724733048.711163998 0.556697 0.887465 -0.457744 0.664053 0.144256 0.214021 0.701726
1724733048.911164522 0.567326 0.817644 -0.468952 0.669199 0.142534 0.219879 0.695349
1724733049.111138821 0.550843 0.732868 -0.479193 0.671004 0.145033 0.22244 0.692271
1724733049.277805805 0.514248 0.651067 -0.488255 0.667609 0.156375 0.219874 0.693903
1724733049.477833509 0.456405 0.53978 -0.49727 0.654033 0.200736 0.18787 0.704734
1724733049.677833796 0.422254 0.437642 -0.502818 0.650232 0.223964 0.168683 0.706105
1724733049.877834320 0.429767 0.355063 -0.504007 0.641607 0.224472 0.167156 0.714151
1724733050.44519901 0.466891 0.307529 -0.499993 0.646156 0.187793 0.197257 0.712955
1724733050.244520426 0.51882 0.26439 -0.500836 0.647059 0.179522 0.199259 0.71371
1724733050.444527388 0.566543 0.236824 -0.499137 0.647868 0.17042 0.206505 0.713148
1724733050.611194372 0.598761 0.224374 -0.494869 0.644603 0.160682 0.214763 0.715922
1724733050.811194897 0.617757 0.216013 -0.492604 0.65535 0.162756 0.211207 0.706695
1724733051.11138201 0.617184 0.207923 -0.488981 0.649891 0.161435 0.208382 0.712851
1724733051.211138964 0.598967 0.204179 -0.490448 0.646197 0.167893 0.198579 0.717501
1724733051.377805948 0.573059 0.204913 -0.492628 0.642063 0.169275 0.193565 0.722242
1724733051.577790499 0.535779 0.22425 -0.495157 0.635416 0.163846 0.192822 0.729535
1724733051.777791023 0.484478 0.26895 -0.501511 0.639292 0.168165 0.184555 0.7273
1724733051.944458008 0.439558 0.321418 -0.512435 0.684581 0.181057 0.169803 0.685371
1724733052.144458294 0.405942 0.361428 -0.509857 0.68421 0.179092 0.170964 0.685969
1724733052.344458818 0.392404 0.379038 -0.508376 0.681795 0.176089 0.175131 0.688097
1724733052.544464588 0.391343 0.382548 -0.5161 0.678346 0.175909 0.177434 0.690956
1724733052.711131573 0.398785 0.374813 -0.53543 0.672018 0.176951 0.178665 0.696534
1724733052.911131859 0.419136 0.358318 -0.567781 0.667891 0.174097 0.182442 0.700233
1724733053.111067772 0.447673 0.3362 -0.602085 0.655096 0.170737 0.189143 0.711283
1724733053.277734756 0.470099 0.325826 -0.643739 0.6532 0.170447 0.191861 0.712368
1724733053.477735043 0.496854 0.317049 -0.69143 0.655206 0.165949 0.195938 0.710475
1724733053.677735567 0.510146 0.320337 -0.738623 0.656628 0.163845 0.196185 0.709582
1724733053.877735853 0.517215 0.327939 -0.788305 0.658692 0.164002 0.195221 0.707896
1724733054.44373989 0.521526 0.323452 -0.826029 0.66131 0.161054 0.196029 0.705906
1724733054.244374514 0.522607 0.321823 -0.871577 0.664305 0.167041 0.190459 0.703222
1724733054.444374800 0.521283 0.31841 -0.918874 0.666783 0.170128 0.190973 0.69999
1724733054.611091375 0.52013 0.319339 -0.955793 0.663675 0.169187 0.195451 0.701933
1724733054.811091900 0.518766 0.312117 -1.00798 0.6658 0.173055 0.19423 0.699312
1724733055.11066675 0.519644 0.301474 -1.05985 0.663931 0.17502 0.193366 0.700837
1724733055.211067200 0.515532 0.286009 -1.10325 0.662439 0.175401 0.192035 0.702518
1724733055.377734184 0.520673 0.273161 -1.13265 0.663331 0.172782 0.190464 0.702753
1724733055.577708721 0.520722 0.261126 -1.16166 0.660229 0.165863 0.190053 0.707437
1724733055.777709007 0.536329 0.238021 -1.18486 0.652706 0.164476 0.186827 0.715555
1724733055.944375992 0.537312 0.231823 -1.20834 0.658348 0.158783 0.187242 0.711552
1724733056.144359350 0.553552 0.212345 -1.23217 0.652783 0.160679 0.187343 0.716211
1724733056.344359636 0.557965 0.209975 -1.26261 0.651817 0.164519 0.189962 0.715529
1724733056.544343472 0.564199 0.193754 -1.27131 0.659797 0.172647 0.187644 0.70686
1724733056.711010456 0.561411 0.20161 -1.27669 0.661512 0.171438 0.188605 0.705294
1724733056.911010742 0.559315 0.205701 -1.28053 0.661435 0.171768 0.189037 0.70517
1724733057.111011267 0.558212 0.197557 -1.28093 0.660899 0.17196 0.188654 0.705728
1724733057.277678251 0.556775 0.191431 -1.28342 0.659081 0.172992 0.187808 0.707399
1724733057.477679014 0.55698 0.181984 -1.28695 0.657847 0.173795 0.187471 0.70844
1724733057.677679539 0.557657 0.171034 -1.29074 0.658446 0.173606 0.187934 0.707807
1724733057.877679825 0.562073 0.159623 -1.29452 0.659155 0.176431 0.193401 0.70497
1724733058.44360638 0.569277 0.158049 -1.29932 0.651378 0.199712 0.2173 0.699001
1724733058.244360924 0.572603 0.191632 -1.29921 0.637161 0.23979 0.26014 0.684729
1724733058.444361687 0.577981 0.235023 -1.28712 0.629726 0.258057 0.279354 0.677358
1724733058.610999823 0.581474 0.255592 -1.28673 0.628028 0.261702 0.283366 0.675867
1724733058.811000109 0.579668 0.274398 -1.28179 0.62675 0.264364 0.286178 0.674832
1724733059.10994434 0.579794 0.288273 -1.28255 0.626379 0.265261 0.28702 0.674467
1724733059.210994720 0.579332 0.286861 -1.29555 0.626007 0.265868 0.287921 0.67419
1724733059.377661705 0.579198 0.289383 -1.3015 0.626016 0.266074 0.287998 0.674066
1724733059.577675819 0.579641 0.293564 -1.30954 0.626315 0.265532 0.287141 0.674368
1724733059.777676105 0.578862 0.298269 -1.3193 0.626273 0.265714 0.287373 0.674237
1724733059.944343090 0.577241 0.302898 -1.32783 0.626293 0.265749 0.287414 0.674186
1724733060.144330740 0.574302 0.308382 -1.33829 0.626274 0.265781 0.287456 0.674173
1724733060.344331026 0.569853 0.314519 -1.34924 0.626288 0.265797 0.287483 0.674143
1724733060.544295788 0.565593 0.31858 -1.36059 0.626279 0.265908 0.287571 0.67407
1724733060.710962772 0.562881 0.321396 -1.37002 0.62634 0.26588 0.287538 0.674038
1724733060.910963297 0.559028 0.326208 -1.3805 0.62632 0.265897 0.287555 0.674043
1724733061.110963583 0.553306 0.331204 -1.39046 0.626285 0.265956 0.287627 0.674022
1724733061.277630568 0.548627 0.335616 -1.39855 0.626285 0.265978 0.287642 0.674007
1724733061.477658033 0.542077 0.341072 -1.40801 0.62627 0.266022 0.2877 0.673978
1724733061.677658319 0.534671 0.346986 -1.41715 0.626248 0.2661 0.287775 0.673936
1724733061.877658606 0.526019 0.353792 -1.42606 0.626217 0.266211 0.287835 0.673895
1724733062.44300795 0.517821 0.360665 -1.43343 0.62621 0.266211 0.287857 0.673892
1724733062.244301081 0.508936 0.368354 -1.44178 0.626215 0.266244 0.287862 0.673873
1724733062.444301605 0.498888 0.376957 -1.44979 0.626186 0.266307 0.287977 0.673826
1724733062.610961676 0.488861 0.385724 -1.45591 0.62615 0.266363 0.288007 0.673824
1724733062.810961962 0.47818 0.396013 -1.46327 0.626149 0.266374 0.288024 0.673813
1724733063.10962486 0.467799 0.408725 -1.4701 0.626097 0.266428 0.288063 0.673824
1724733063.210962772 0.454543 0.425399 -1.47619 0.626071 0.266447 0.288122 0.673815
1724733063.377629995 0.442098 0.441148 -1.48085 0.626034 0.266407 0.288111 0.67387
1724733063.577623606 0.426437 0.455688 -1.48663 0.62603 0.266401 0.288168 0.673852
1724733063.777624130 0.414686 0.468585 -1.49263 0.626006 0.266416 0.288233 0.67384
1724733063.944291115 0.407606 0.477247 -1.49776 0.625984 0.266466 0.28833 0.6738
1724733064.144275188 0.405315 0.482981 -1.50429 0.626014 0.266477 0.288288 0.673785
1724733064.344275713 0.400531 0.492819 -1.51019 0.626043 0.266493 0.288237 0.673773
1724733064.544275761 0.39829 0.501941 -1.51585 0.626034 0.266582 0.28825 0.673741
1724733064.710942984 0.393994 0.50495 -1.51983 0.62607 0.266548 0.288215 0.673736
1724733064.910943508 0.391884 0.513806 -1.52482 0.626067 0.266593 0.28826 0.673702
1724733065.110951185 0.386991 0.51986 -1.52966 0.626095 0.266594 0.288255 0.673678
1724733065.277618170 0.384496 0.525838 -1.53357 0.626096 0.266621 0.288269 0.67366
1724733065.477618694 0.381616 0.53481 -1.53806 0.62612 0.266627 0.288367 0.673593
1724733065.677596807 0.3778 0.540638 -1.54219 0.626143 0.266636 0.288448 0.673534
1724733065.877597332 0.377222 0.549295 -1.54593 0.626178 0.266607 0.288415 0.673526
1724733066.44272184 0.393541 0.599659 -1.54954 0.626135 0.266682 0.288421 0.673535
1724733066.244272709 0.389412 0.610683 -1.55314 0.626133 0.266696 0.288477 0.673507
1724733066.444272995 0.386198 0.618138 -1.55612 0.626178 0.266651 0.288478 0.673482
1724733066.610947609 0.384931 0.61879 -1.55813 0.626188 0.266652 0.288458 0.673482
1724733066.810947895 0.385775 0.626625 -1.56067 0.626242 0.26663 0.288479 0.673432
1724733067.10895014 0.384531 0.630804 -1.56278 0.626221 0.26668 0.288508 0.673419
1724733067.210895538 0.383267 0.635812 -1.56459 0.626202 0.2667 0.288592 0.673391
1724733067.377562761 0.381625 0.63757 -1.56586 0.626189 0.26675 0.288666 0.673352
1724733067.577564955 0.379573 0.645892 -1.56834 0.626151 0.266761 0.288721 0.67336
1724733067.777565479 0.379258 0.650162 -1.5707 0.626132 0.266795 0.288772 0.673343
1724733067.944232464 0.377868 0.650528 -1.57122 0.626128 0.266809 0.288816 0.673322
1724733068.144226313 0.376709 0.653033 -1.57138 0.626124 0.266806 0.288808 0.673329
1724733068.344226837 0.376293 0.653767 -1.5714 0.626132 0.266797 0.288816 0.673322
1724733068.544190168 0.376483 0.656442 -1.57106 0.626162 0.266779 0.288822 0.673299
1724733068.710857153 0.377112 0.653672 -1.57035 0.62615 0.266819 0.288879 0.67327
1724733068.910857439 0.564494 0.287089 -1.26259 0.62676 0.264344 0.287769 0.674153
1724733069.110918522 0.578317 0.280035 -1.26378 0.62702 0.263184 0.287062 0.674667
1724733069.277585506 0.578833 0.27901 -1.26394 0.626965 0.263117 0.287085 0.674735
1724733069.477585793 0.57915 0.277959 -1.26397 0.626938 0.263125 0.287117 0.674743
1724733069.677582264 0.579643 0.277247 -1.26402 0.626931 0.263133 0.287114 0.674748
