1724732769.548754454 -0.0972128 0.161133 -0.000649607 0.676097 -0.0190977 -0.0105587 0.736489
1724732769.748693466 -0.105227 0.180264 6.6316e-05 0.677805 -0.0286396 -0.0123562 0.73458
1724732769.948693752 -0.117361 0.194662 -0.00458313 0.683588 -0.0214072 -0.026834 0.72906
1724732770.148725033 -0.125136 0.215387 0.00417637 0.686014 -0.0217617 -0.0277381 0.726733
1724732770.348725557 -0.12537 0.228828 0.0216577 0.692948 -0.0193211 -0.0265453 0.72024
1724732770.548725843 -0.127649 0.242927 0.0416152 0.689846 -0.0183935 -0.0254153 0.723276
1724732770.748725414 -0.120546 0.232081 0.0465948 0.69128 -0.020332 -0.0224376 0.721953
1724732770.948725939 -0.111134 0.20934 0.0525618 0.687561 -0.0168477 -0.0242892 0.725525
1724732771.148725986 -0.101885 0.185184 0.0631692 0.680456 -0.0183255 -0.0221429 0.732225
1724732771.348726511 -0.0898054 0.164458 0.0749441 0.68182 -0.0181602 -0.0213921 0.730982
1724732771.548726797 -0.076674 0.143835 0.0880452 0.681092 -0.0184191 -0.0195019 0.731706
1724732771.748684168 -0.0613728 0.124399 0.104799 0.675699 -0.0220189 -0.0142593 0.736711
1724732771.948684216 -0.0497317 0.110634 0.111042 0.678376 -0.0169672 -0.016455 0.734335
1724732772.148684740 -0.0323144 0.10426 0.125922 0.679299 -0.0197895 -0.0135058 0.73347
1724732772.348685026 -0.0117143 0.108338 0.141993 0.685749 -0.0252063 -0.0110762 0.727317
1724732772.548685551 0.00253894 0.117701 0.160346 0.68782 -0.0249718 -0.0145091 0.725307
1724732772.748636007 0.0190918 0.126632 0.170969 0.691321 -0.0286469 -0.0134701 0.721854
1724732772.948636293 0.0370754 0.130479 0.180156 0.693133 -0.0285595 -0.0124177 0.720137
1724732773.148636818 0.0459332 0.13081 0.195 0.692852 -0.0256398 -0.0108769 0.720541
1724732773.348622084 0.048867 0.129525 0.21915 0.696387 -0.0205068 -0.00919145 0.717314
1724732773.548622608 0.0480026 0.122031 0.241126 0.694385 -0.019068 -0.00729944 0.719314
1724732773.748648167 0.0455755 0.106536 0.27189 0.690399 -0.0134389 -0.00863556 0.723252
1724732773.948648691 0.0440731 0.0968442 0.312087 0.690741 -0.0149826 -0.00689962 0.722914
1724732774.148649216 0.0411422 0.084565 0.344669 0.690736 -0.0138734 -0.00605063 0.722948
1724732774.348641634 0.0367208 0.0698849 0.378161 0.687653 -0.0149807 -0.0039357 0.725874
1724732774.548642159 0.0286661 0.0569928 0.389904 0.68769 -0.0118615 -0.00730527 0.72587
1724732774.748649836 0.0245135 0.0473164 0.373729 0.686392 -0.0108666 -0.011039 0.727066
1724732774.948650360 0.0234962 0.0393022 0.33413 0.684037 -0.0137596 -0.0103344 0.729245
1724732775.148650646 0.025508 0.0380017 0.310124 0.685206 -0.0139863 -0.00884491 0.728162
1724732775.348595619 0.0258678 0.0421122 0.304597 0.688623 -0.0183565 -0.00751826 0.724849
1724732775.548595905 0.0229105 0.040987 0.31013 0.68879 -0.0198664 -0.0116534 0.724595
1724732775.748634100 0.0153159 0.0397832 0.323934 0.691074 -0.0201169 -0.01477 0.722353
1724732775.948634624 0.00648722 0.035416 0.339496 0.688441 -0.0155123 -0.0178859 0.724906
1724732776.148634672 0.00274052 0.0244708 0.347917 0.68945 -0.0182809 -0.0104985 0.724026
1724732776.348602295 -0.00275214 0.0124418 0.35022 0.686821 -0.0117545 -0.00988063 0.726665
1724732776.548602581 -0.00780594 0.000638336 0.347581 0.68558 -0.00972024 -0.00763368 0.727892
1724732776.748565912 -0.0124676 -0.00856719 0.341843 0.68293 -0.0137753 -0.00443314 0.730341
1724732776.948566198 -0.0190657 -0.0140819 0.336238 0.68771 -0.012745 -0.0096521 0.725809
1724732777.148566961 -0.0237978 -0.019672 0.335421 0.690127 -0.0160439 -0.0124418 0.723403
1724732777.348539352 -0.0262569 -0.0278812 0.33633 0.694244 -0.0138791 -0.0160336 0.719427
1724732777.548539639 -0.0241995 -0.0421477 0.338169 0.700057 -0.0157712 -0.012506 0.713803
1724732777.748542070 -0.0187791 -0.0671265 0.343918 0.697206 -0.0172604 -0.00916733 0.716604
1724732777.948542118 -0.0127948 -0.10155 0.346408 0.694367 -0.0176467 -0.00945606 0.719342
1724732778.148542643 -0.00802881 -0.141976 0.347758 0.691355 -0.022386 -0.00701906 0.722135
1724732778.348483801 -0.0102623 -0.18544 0.351163 0.694982 -0.0199491 -0.0103809 0.718675
1724732778.548484325 -0.0102299 -0.234923 0.350508 0.695424 -0.0204922 -0.0117067 0.718212
1724732778.748484612 -0.0107183 -0.291097 0.351912 0.69707 -0.0205674 -0.0140043 0.716572
1724732778.948485136 -0.0130395 -0.35593 0.353439 0.698059 -0.0240526 -0.012807 0.715521
1724732779.148485661 -0.015079 -0.429516 0.355367 0.697714 -0.021783 -0.0172397 0.715837
1724732779.348529816 -0.0134502 -0.507678 0.356804 0.696691 -0.0222638 -0.0197075 0.716755
1724732779.548530340 -0.0121001 -0.587815 0.357267 0.695563 -0.0288901 -0.0153423 0.71772
1724732779.748517036 -0.015667 -0.671936 0.356335 0.699702 -0.0208872 -0.0191886 0.713872
1724732779.948517561 -0.0191028 -0.763494 0.359075 0.701391 -0.0222213 -0.0138704 0.712295
1724732780.148517847 -0.0265519 -0.862416 0.360259 0.698874 -0.0186342 -0.0152955 0.714839
1724732780.348540783 -0.0328228 -0.965918 0.360974 0.695363 -0.0194205 -0.0152803 0.718234
1724732780.548541307 -0.0366628 -1.06854 0.367127 0.676654 -0.0246764 -0.0118803 0.735792
1724732780.748518229 -0.0425462 -1.14933 0.358811 0.669018 -0.0209068 -0.0134538 0.742831
1724732780.948518753 -0.0434714 -1.20931 0.355896 0.674652 -0.0199625 -0.011335 0.737779
1724732781.148519278 -0.0508333 -1.25854 0.35671 0.673819 -0.0171954 -0.00605317 0.738671
1724732781.348490953 -0.0597034 -1.29037 0.362624 0.668892 -0.00884018 -0.00758506 0.743268
1724732781.548491240 -0.0709596 -1.29944 0.362699 0.68105 -0.00680745 -0.00855443 0.732155
1724732781.748489141 -0.0796334 -1.29169 0.368755 0.681319 -0.0072238 -0.00915999 0.731893
1724732781.948489428 -0.0904917 -1.28234 0.374328 0.66705 -0.00543504 -0.011237 0.744909
1724732782.148489952 -0.0900832 -1.24682 0.372775 0.664049 -0.00948207 -0.0100578 0.747561
1724732782.348501444 -0.0905348 -1.19131 0.368765 0.665244 -0.0115475 -0.00759848 0.746498
1724732782.548501730 -0.0913585 -1.11407 0.37182 0.672313 -0.0104035 -0.00966233 0.740131
1724732782.748502254 -0.0918627 -1.02741 0.375916 0.671481 -0.011327 -0.00991627 0.740868
1724732782.948502541 -0.0906357 -0.930415 0.380541 0.676498 -0.0138757 -0.0116483 0.736221
1724732783.148502827 -0.0881084 -0.826452 0.390011 0.675211 -0.0141496 -0.0145617 0.737345
1724732783.348503351 -0.0860967 -0.717068 0.397496 0.671386 -0.0182905 -0.0120226 0.740785
1724732783.548503876 -0.084713 -0.596309 0.402799 0.674031 -0.0114454 -0.0183308 0.738387
1724732783.748421431 -0.0769022 -0.468545 0.406395 0.672446 -0.0167978 -0.0124074 0.739851
1724732783.948421717 -0.0624746 -0.330912 0.405269 0.675962 -0.0134761 -0.0102563 0.736742
1724732784.148422003 -0.044003 -0.187457 0.406609 0.676233 -0.00986439 -0.00617696 0.736595
1724732784.348428488 -0.0259031 -0.0395128 0.407992 0.673335 -0.0153281 0.00463315 0.739164
1724732784.548429012 -0.0204691 0.114564 0.405029 0.67539 -0.0118753 -0.000811947 0.737365
1724732784.748478651 -0.0171895 0.272657 0.404338 0.680253 -0.00807281 -0.00892792 0.732878
1724732784.948479176 -0.0122425 0.430491 0.403275 0.69607 -0.010114 -0.010374 0.717828
1724732785.148479462 -0.00233347 0.574079 0.410336 0.708744 -0.00847177 -0.0116547 0.705319
1724732785.348390102 0.0126313 0.690977 0.422153 0.710766 -0.0161576 -0.00422506 0.703231
1724732785.548390627 0.0172377 0.781431 0.431451 0.709239 -0.0135075 -0.00579674 0.704815
1724732785.748415947 0.0183722 0.839249 0.432253 0.707219 -0.00999797 -0.00868069 0.70687
1724732785.948416471 0.0153674 0.868131 0.427762 0.704471 -0.0121355 -0.00797278 0.709585
1724732786.148416758 0.0135854 0.880122 0.430841 0.695209 -0.0122881 -0.00926168 0.718643
1724732786.348423004 0.0114536 0.88602 0.425133 0.687899 -0.0100556 -0.0133711 0.725613
1724732786.548423290 0.0117177 0.888351 0.422791 0.695576 -0.0118901 -0.0144839 0.718209
1724732786.748427153 0.0142967 0.879744 0.421613 0.695313 -0.0144981 -0.0124039 0.718454
1724732786.948427677 0.015656 0.864046 0.419648 0.703176 -0.0132137 -0.0136487 0.710762
1724732787.148427963 0.0189033 0.831271 0.419442 0.709715 -0.0179361 -0.00998523 0.70419
1724732787.348381758 0.019046 0.772367 0.4207 0.710371 -0.0130099 -0.0142669 0.703563
1724732787.548382282 0.016226 0.691386 0.421248 0.70804 -0.0137406 -0.0119378 0.705938
1724732787.748386383 0.0130046 0.59285 0.42527 0.695197 -0.0103971 -0.0145374 0.718597
1724732787.948386669 0.0119309 0.489386 0.426528 0.666825 -0.0141473 -0.0103897 0.745007
1724732788.148387194 0.00433615 0.409663 0.421555 0.665998 -0.00892659 -0.0169 0.745709
1724732788.348374605 0.00593189 0.355101 0.41603 0.671971 -0.0104242 -0.0153554 0.740345
1724732788.548374891 0.0144453 0.316256 0.413582 0.680427 -0.00513235 -0.0192195 0.732546
1724732788.748375416 0.0295288 0.284533 0.413074 0.683504 0.000560916 -0.0212492 0.729637
1724732788.948375702 0.0562447 0.255354 0.413501 0.685164 -0.000390916 -0.0183577 0.728157
1724732789.148376226 0.0950321 0.226183 0.412863 0.687721 -0.000558848 -0.0186225 0.725736
1724732789.348347664 0.144102 0.195595 0.415628 0.688887 -0.00358562 -0.0177578 0.724642
1724732789.548348188 0.200061 0.161965 0.415531 0.686119 -0.00715778 -0.0153592 0.727292
1724732789.748348475 0.262355 0.128285 0.413523 0.686896 -0.00575937 -0.0199613 0.726459
1724732789.948348761 0.333809 0.0957727 0.411599 0.685784 -0.00902061 -0.016507 0.727562
1724732790.148349285 0.409692 0.0668498 0.406918 0.685952 -0.0102915 -0.0138243 0.727443
1724732790.348368406 0.492184 0.040193 0.40304 0.684569 -0.00467941 -0.0108424 0.728853
1724732790.548368931 0.575576 0.0159523 0.40115 0.686392 -0.00385372 -0.00316583 0.727214
1724732790.748320818 0.656085 -0.00574831 0.400221 0.687004 0.00560971 -0.00629843 0.726605
1724732790.948321342 0.736267 -0.0263563 0.392855 0.687092 0.0059164 -0.00351562 0.726538
1724732791.148321629 0.822176 -0.0441025 0.391701 0.688521 -0.0193528 0.0151135 0.724801
1724732791.348328590 0.886153 -0.057075 0.389978 0.691343 -0.0217172 0.00757787 0.722161
1724732791.548328876 0.934204 -0.0726287 0.386825 0.691513 -0.0277274 0.00184348 0.72183
1724732791.748344421 0.966864 -0.0856882 0.388238 0.688737 -0.0327884 9.36223e-05 0.72427
1724732791.948344946 0.982303 -0.096167 0.387712 0.697157 -0.0239042 -0.00848515 0.716469
1724732792.148345470 0.996217 -0.114357 0.392783 0.686485 -0.0169529 -0.014297 0.726805
1724732792.348297596 1.00976 -0.129078 0.390283 0.687588 -0.0178892 -0.011879 0.725783
1724732792.548298120 1.01675 -0.140356 0.413567 0.690289 -0.0139543 -0.0112021 0.723312
1724732792.748299122 1.0433 -0.154051 0.46915 0.691311 -0.00817892 -0.0138022 0.72238
1724732792.948299408 1.06334 -0.165587 0.50212 0.690364 -0.0161302 -0.00665962 0.723251
1724732793.148299694 1.08043 -0.176298 0.489691 0.689227 -0.0139104 -0.0103446 0.724338
1724732793.348309040 1.0935 -0.185342 0.468951 0.691579 -0.0143026 -0.00910042 0.722102
1724732793.548309326 1.11701 -0.193829 0.466607 0.705149 -0.015028 -0.00750749 0.70886
1724732793.748313189 1.13843 -0.227045 0.476007 0.696765 -0.0172908 -0.00236267 0.717087
1724732793.948313713 1.14741 -0.25804 0.48686 0.693206 -0.0109724 -0.00237641 0.720652
1724732794.148314238 1.15594 -0.290654 0.50026 0.692977 -0.0123089 0.00357157 0.720846
1724732794.348308086 1.16088 -0.323704 0.510016 0.706562 -0.000445317 -0.00514282 0.707633
1724732794.548308849 1.16823 -0.368514 0.52029 0.701653 -0.00680654 -0.0100517 0.712415
1724732794.748309135 1.18443 -0.420737 0.521769 0.702235 -0.0196995 -0.0145502 0.711523
1724732794.948309660 1.20515 -0.480178 0.518132 0.70578 -0.0275031 -0.01526 0.707732
1724732795.148309946 1.23029 -0.551685 0.516441 0.697187 -0.0346693 -0.00590886 0.716026
1724732795.348256111 1.24236 -0.621865 0.510806 0.670891 -0.0154359 -0.0114454 0.741307
1724732795.548256636 1.25543 -0.668983 0.503635 0.672454 -0.0146986 -0.00517469 0.739975
1724732795.748233080 1.2678 -0.696777 0.502516 0.682847 -0.0272463 0.00352171 0.730045
1724732795.948233604 1.27441 -0.717435 0.501632 0.687578 -0.0351807 0.00505397 0.72524
1724732796.148233891 1.26433 -0.735016 0.505453 0.693801 -0.0232894 -0.00299301 0.719784
1724732796.348237753 1.2393 -0.752952 0.505512 0.690605 -0.0209396 -0.00179092 0.722927
1724732796.548238277 1.22137 -0.777845 0.503614 0.690417 -0.026616 0.0028397 0.722917
1724732796.748215437 1.19397 -0.804219 0.500142 0.687935 -0.029167 0.0040824 0.725174
1724732796.948215723 1.15182 -0.82752 0.498071 0.689565 -0.0241194 -0.00118755 0.723821
1724732797.148216009 1.10597 -0.849966 0.495396 0.685383 -0.0298954 0.00267036 0.727564
1724732797.348200798 1.04696 -0.868242 0.490736 0.691374 -0.0254937 -0.00420379 0.722035
1724732797.548200846 0.983915 -0.889154 0.490945 0.687827 -0.0327667 -0.000965632 0.725134
1724732797.748219252 0.913571 -0.908997 0.488436 0.692307 -0.0315579 -0.00513461 0.720895
1724732797.948219538 0.833991 -0.928946 0.488856 0.69079 -0.0291764 -0.00687145 0.722434
1724732798.148220062 0.749397 -0.948132 0.489698 0.69005 -0.0317876 -0.00400529 0.723052
1724732798.348244429 0.65795 -0.968819 0.493013 0.688351 -0.0231851 -0.00982092 0.724941
1724732798.548244715 0.564605 -0.988922 0.493387 0.689181 -0.0281323 -0.00101023 0.724042
1724732798.748245478 0.464274 -1.00963 0.495214 0.689262 -0.0222801 0.000166523 0.724169
1724732798.948245525 0.358435 -1.03064 0.498596 0.689083 -0.0107688 -0.00599044 0.724578
1724732799.148246050 0.259632 -1.05253 0.501812 0.686766 -0.00610069 -0.014719 0.726704
1724732799.348172903 0.174543 -1.07068 0.505296 0.682926 -0.00200939 -0.020368 0.7302
1724732799.548173428 0.11703 -1.08071 0.51202 0.665861 -0.0130707 -0.0100076 0.745894
1724732799.748194218 0.063773 -1.06641 0.511068 0.648196 -0.0169045 -0.00538661 0.761267
1724732799.948194504 0.0125307 -1.01618 0.503044 0.642901 -0.0149302 -0.0124269 0.765703
1724732800.148195028 -0.0265686 -0.918222 0.497422 0.650732 -0.0201105 -0.0084324 0.758994
1724732800.348186016 -0.0680992 -0.789233 0.494724 0.654165 -0.0217733 -0.0077972 0.755998
1724732800.548186541 -0.105269 -0.632267 0.502576 0.658026 -0.0152586 -0.0186508 0.752609
1724732800.748137712 -0.141486 -0.456558 0.51181 0.656502 -0.0183864 -0.0143072 0.753965
1724732800.948138237 -0.167844 -0.258047 0.517406 0.667067 -0.0199311 -0.00968479 0.744668
1724732801.148138523 -0.190112 -0.0498086 0.510538 0.686241 -0.0176359 -0.00794702 0.727117
1724732801.348138809 -0.210508 0.150346 0.511731 0.710408 -0.0102296 -0.0119978 0.703613
1724732801.548139334 -0.218681 0.316187 0.526073 0.710173 -0.0163779 0.00039156 0.703837
1724732801.748139858 -0.22859 0.441118 0.539708 0.702345 -0.00764494 -0.000368503 0.711795
1724732801.948140383 -0.251198 0.544379 0.542281 0.694216 0.00075121 -0.00656544 0.719737
1724732802.148140669 -0.269009 0.624316 0.538686 0.689533 0.0077577 -0.0138394 0.72408
1724732802.348175526 -0.271403 0.696096 0.533213 0.688042 0.010384 -0.0199901 0.725322
1724732802.548175812 -0.250606 0.76481 0.532304 0.686867 0.0151196 -0.028226 0.726078
1724732802.748122454 -0.206774 0.824182 0.535722 0.685586 0.0108617 -0.0275052 0.727391
1724732802.948122978 -0.144414 0.873944 0.537307 0.685322 -0.00137308 -0.0192758 0.727983
1724732803.148123264 -0.0718335 0.920489 0.538944 0.6851 -0.00147908 -0.0204607 0.72816
1724732803.348126173 0.00585803 0.96852 0.540623 0.6874 0.0011802 -0.0217241 0.725953
1724732803.548126459 0.0914439 1.01294 0.542311 0.686096 -0.00180573 -0.0171576 0.727306
1724732803.748104572 0.183384 1.05222 0.54414 0.688567 -0.00253851 -0.0136801 0.725039
1724732803.948104620 0.277612 1.082 0.547514 0.689933 -0.00152063 -0.0134881 0.723746
1724732804.148105145 0.374146 1.10728 0.544023 0.688396 0.00110241 -0.014771 0.725184
1724732804.348115206 0.475508 1.12952 0.53911 0.689368 0.000356567 -0.0114017 0.724321
1724732804.548115730 0.57813 1.14635 0.535379 0.690169 0.000322179 -0.00884383 0.723594
1724732804.748061180 0.679765 1.16006 0.52926 0.688356 -0.000124294 -0.00832233 0.725325
1724732804.948061466 0.780163 1.17199 0.525007 0.68928 -0.00221652 -0.00659028 0.724461
1724732805.148061991 0.878014 1.18106 0.523985 0.690616 -0.000426892 -0.00889336 0.723167
1724732805.348062277 0.975286 1.18772 0.522665 0.691622 -0.000576164 -0.00902029 0.722203
1724732805.548062801 1.07589 1.19047 0.520178 0.689508 -0.00392821 -0.00827311 0.72422
1724732805.748063087 1.17717 1.18825 0.521076 0.696726 -0.0142859 -0.00105094 0.717195
1724732805.948063374 1.26491 1.18337 0.519336 0.706898 -0.0172686 0.000620207 0.707105
1724732806.148063898 1.3378 1.16093 0.520879 0.70835 -0.0145124 -0.00312675 0.705705
1724732806.348045111 1.40828 1.11464 0.517883 0.705012 -0.0159575 -0.00391407 0.709005
1724732806.548045635 1.46513 1.05296 0.512972 0.704399 -0.0178323 -0.00293501 0.709574
1724732806.748045921 1.51738 0.987492 0.511208 0.709041 -0.0129129 -0.00790924 0.705005
1724732806.948057652 1.56399 0.902552 0.509024 0.707682 -0.0117688 -0.00918953 0.706373
1724732807.148057938 1.60759 0.803137 0.509221 0.705201 -0.0138019 -0.00543653 0.708852
1724732807.348025799 1.64823 0.693182 0.505735 0.697726 -0.0107901 -0.00725724 0.716247
1724732807.548026085 1.68434 0.583372 0.502459 0.682791 -0.0157797 -0.00191652 0.730441
1724732807.748026609 1.71689 0.486443 0.499121 0.678954 -0.0154183 -0.00243916 0.734015
1724732807.948036909 1.74257 0.408733 0.49238 0.685441 -0.0208712 -0.000521048 0.727828
1724732808.148037195 1.75654 0.342682 0.489234 0.686855 -0.0237069 0.00103003 0.726407
1724732808.348003626 1.76438 0.282683 0.487717 0.685522 -0.0300634 0.00562407 0.727409
1724732808.548003912 1.75382 0.23145 0.48801 0.690441 -0.0251544 0.00143476 0.72295
1724732808.748004436 1.7385 0.182826 0.488997 0.689217 -0.0234209 0.00188552 0.724174
1724732808.948015451 1.71254 0.138513 0.488445 0.690122 -0.0222737 0.00515417 0.723332
1724732809.148015976 1.67435 0.0979297 0.489677 0.693752 -0.0247906 0.00994785 0.719718
1724732809.347996235 1.6289 0.056193 0.489936 0.691147 -0.0240259 0.0117376 0.72222
1724732809.547996521 1.57318 0.0138428 0.488978 0.690676 -0.0270113 0.0156443 0.72249
1724732809.747997046 1.50711 -0.0319324 0.489358 0.691529 -0.0229902 0.0129795 0.721866
1724732809.948015928 1.42631 -0.07746 0.491417 0.687698 -0.0233057 0.0162481 0.725441
1724732810.148016453 1.3357 -0.122898 0.491869 0.687818 -0.0224359 0.0169741 0.725338
1724732810.347986221 1.2338 -0.169221 0.494843 0.686059 -0.022105 0.0180479 0.726986
1724732810.547986984 1.12072 -0.215366 0.496735 0.684432 -0.0177494 0.0162652 0.728679
1724732810.747987270 1.00294 -0.262043 0.497097 0.681564 -0.0262286 0.0216882 0.730967
1724732810.948014259 0.871013 -0.307543 0.493075 0.680994 -0.0282722 0.0166744 0.731553
1724732811.148014545 0.731404 -0.353375 0.488906 0.679603 -0.0244916 0.00648708 0.733143
1724732811.347956181 0.58765 -0.393838 0.484845 0.681069 -0.0306928 0.00682563 0.731544
1724732811.547956705 0.438809 -0.429232 0.484972 0.67798 -0.0358189 0.00723002 0.734172
1724732811.747956991 0.280821 -0.459173 0.493265 0.676778 -0.00887277 -0.0272952 0.735628
1724732811.947894335 0.148186 -0.487174 0.502077 0.682679 -0.00283818 -0.0351965 0.729865
1724732812.147894621 0.0457428 -0.505795 0.505867 0.682261 -0.00469094 -0.0290579 0.730516
1724732812.347894907 -0.0331727 -0.520417 0.510069 0.688325 0.0193968 -0.0468962 0.723625
1724732812.547895432 -0.0802721 -0.544081 0.512165 0.685328 0.0119391 -0.0378709 0.727151
1724732812.747895718 -0.0866234 -0.571114 0.515397 0.684031 -0.0289216 -0.00695718 0.728846
1724732812.947972775 -0.0865771 -0.596352 0.520377 0.681353 -0.0324331 -0.0111884 0.731151
1724732813.147972822 -0.103464 -0.621378 0.515428 0.68118 -0.0342736 -0.0124161 0.731208
1724732813.347962618 -0.12404 -0.642787 0.513329 0.683461 -0.0343296 -0.00710957 0.729145
1724732813.547962904 -0.151921 -0.661542 0.514627 0.68015 -0.026333 -0.00354987 0.732591
1724732813.747963428 -0.190567 -0.676624 0.511738 0.680199 -0.0118936 -0.0137815 0.732801
1724732813.947924614 -0.220595 -0.686331 0.51113 0.680333 -0.00819998 -0.0161608 0.732679
1724732814.147925138 -0.236211 -0.690299 0.512584 0.680224 -0.00567239 -0.00494658 0.732966
1724732814.347913265 -0.247395 -0.690262 0.509948 0.681223 0.00869603 0.0026393 0.73202
1724732814.547913551 -0.247487 -0.684772 0.504409 0.684858 0.018386 0.0194649 0.728184
1724732814.747914076 -0.243483 -0.680505 0.496732 0.686926 0.029778 0.0347528 0.725285
1724732814.947895527 -0.236476 -0.679019 0.493712 0.686374 0.0342436 0.0512046 0.724635
1724732815.147896051 -0.233346 -0.683022 0.488525 0.683922 0.0411539 0.049104 0.726736
1724732815.347896338 -0.226997 -0.686702 0.483981 0.693526 0.0441259 0.0556466 0.716923
1724732815.547896624 -0.217111 -0.701134 0.490979 0.681152 0.0595802 0.0524758 0.727824
1724732815.747897387 -0.199228 -0.717679 0.494284 0.68373 0.0617636 0.0553284 0.725009
1724732815.947886467 -0.171585 -0.734268 0.495127 0.679225 0.0679986 0.0542128 0.72876
1724732816.147887230 -0.130449 -0.746912 0.498604 0.67877 0.0651963 0.0611191 0.728893
1724732816.347887516 -0.085836 -0.75924 0.504047 0.67754 0.0700972 0.0586251 0.729787
1724732816.547888041 -0.0326088 -0.770137 0.506494 0.679773 0.0481985 0.0776591 0.727705
1724732816.747888088 0.0123097 -0.780381 0.511411 0.680754 0.0344919 0.0869391 0.726516
1724732816.947888613 0.0295687 -0.790505 0.509767 0.682875 0.0316959 0.073232 0.726164
1724732817.147888899 0.0311367 -0.80632 0.509216 0.682847 0.0234532 0.0546514 0.728137
1724732817.347889423 0.0215046 -0.823279 0.506196 0.684666 0.0156965 0.0271964 0.72818
1724732817.547889948 0.0166689 -0.845922 0.502536 0.688027 0.00513671 -0.00515035 0.725649
1724732817.747890234 0.0220202 -0.864625 0.500236 0.686747 -0.0219866 -0.0205014 0.726275
1724732817.947882652 0.0375508 -0.881319 0.499505 0.681949 -0.0361295 -0.0330859 0.729757
1724732818.147882700 0.0564784 -0.895294 0.503582 0.682812 -0.0366732 -0.0355551 0.728807
1724732818.347877026 0.0756127 -0.912177 0.505684 0.687003 -0.0443415 -0.0299257 0.724682
1724732818.547877312 0.0931766 -0.933095 0.514057 0.689324 -0.0486721 -0.0281913 0.722266
1724732818.747877598 0.101687 -0.956234 0.517932 0.677779 -0.0396588 -0.0372327 0.733251
1724732818.947863340 0.107723 -0.974201 0.519753 0.682882 -0.0332849 -0.0440726 0.728438
1724732819.147863626 0.119031 -0.985841 0.522792 0.666922 -0.0458057 -0.0356972 0.742861
1724732819.347825527 0.133 -0.976713 0.516235 0.655552 -0.038941 -0.0421955 0.752964
1724732819.547825575 0.156615 -0.946095 0.509241 0.66166 -0.0473468 -0.0288567 0.747751
1724732819.747826099 0.17087 -0.892613 0.499912 0.675702 -0.0393287 -0.0308588 0.735478
1724732819.947808266 0.180338 -0.82803 0.499584 0.681052 -0.0540865 -0.0162216 0.730054
1724732820.147808790 0.174858 -0.766086 0.506821 0.682099 -0.0549801 -0.0178586 0.728971
1724732820.347818851 0.153961 -0.703897 0.515197 0.677862 -0.0554165 -0.018149 0.732873
1724732820.547819376 0.115056 -0.637229 0.521827 0.670692 -0.0564572 -0.0205511 0.739298
1724732820.747819901 0.0616764 -0.558936 0.520934 0.673021 -0.0563626 -0.0233227 0.737104
1724732820.947812080 0.000693334 -0.471407 0.522201 0.670735 -0.0576143 -0.0223919 0.739117
1724732821.147812605 -0.0711187 -0.373999 0.519604 0.671041 -0.0564118 -0.0245722 0.738862
1724732821.347827673 -0.149956 -0.265939 0.519895 0.668617 -0.0507071 -0.0267438 0.741394
1724732821.547828197 -0.227934 -0.144855 0.522751 0.651579 -0.0458292 -0.024792 0.756789
1724732821.747828484 -0.307554 0.000580909 0.522447 0.655275 -0.0361649 -0.0280682 0.754002
1724732821.947829008 -0.389537 0.165315 0.522117 0.661587 -0.0257464 -0.0353411 0.748593
1724732822.147829533 -0.456068 0.340496 0.521912 0.679549 0.00159675 -0.0595149 0.731211
1724732822.347873688 -0.481542 0.507243 0.533905 0.692894 0.0298232 -0.0844777 0.715453
1724732822.547874212 -0.450257 0.660003 0.542745 0.685894 0.0306605 -0.0849997 0.72207
1724732822.747874498 -0.352427 0.788205 0.545948 0.686573 0.00509789 -0.0674527 0.723907
1724732822.947802782 -0.215924 0.901048 0.546162 0.688472 -0.00675634 -0.0628946 0.722499
1724732823.147803068 -0.0604399 0.999684 0.548503 0.685765 -0.0249804 -0.0489157 0.725748
1724732823.347758532 0.0971741 1.0914 0.546843 0.695454 -0.0391661 -0.0366844 0.716564
1724732823.547758818 0.245422 1.16545 0.546243 0.706313 -0.0454451 -0.0305479 0.705779
1724732823.747759342 0.372496 1.21318 0.550423 0.717614 -0.0459562 -0.0283945 0.694343
1724732823.947796822 0.482012 1.21736 0.555877 0.721488 -0.040778 -0.0318127 0.690492
1724732824.147797346 0.573079 1.18017 0.562856 0.713897 -0.038959 -0.0346074 0.698309
1724732824.347722054 0.65723 1.12397 0.562802 0.707932 -0.0333754 -0.0391433 0.704405
1724732824.547722340 0.738263 1.04627 0.558113 0.708317 -0.0366369 -0.0367453 0.703984
1724732824.747722864 0.811959 0.951665 0.555657 0.706385 -0.0380355 -0.0346011 0.705958
1724732824.947729349 0.87849 0.841316 0.550463 0.708995 -0.0363126 -0.035222 0.703397
1724732825.147729635 0.935283 0.716021 0.546351 0.708055 -0.034692 -0.0310217 0.704622
1724732825.347730160 0.989462 0.577348 0.541511 0.705332 -0.0299504 -0.0307935 0.707574
1724732825.547730446 1.04375 0.429048 0.537599 0.702734 -0.0269494 -0.028593 0.710367
1724732825.747730970 1.09683 0.272197 0.53596 0.686761 -0.0304051 -0.0274944 0.725726
1724732825.947703838 1.15782 0.125089 0.531016 0.674768 -0.0378287 -0.0293322 0.736476
1724732826.147704363 1.22112 0.00205607 0.523667 0.674484 -0.0598599 -0.0183636 0.735629
1724732826.347695351 1.2606 -0.0974751 0.52304 0.68016 -0.0852113 -0.00252422 0.72809
1724732826.547695875 1.25894 -0.181145 0.521635 0.682157 -0.0882187 -0.0046523 0.72585
1724732826.747696161 1.21882 -0.25272 0.51344 0.686303 -0.0843957 -0.00998805 0.722333
1724732826.947735310 1.15116 -0.320412 0.50545 0.688595 -0.0808769 -0.0132957 0.7205
1724732827.147735834 1.05961 -0.384485 0.49982 0.690812 -0.0700615 -0.0208344 0.719331
1724732827.347705126 0.946811 -0.44635 0.496032 0.690006 -0.0685586 -0.0138611 0.720416
1724732827.547705650 0.815114 -0.508277 0.492227 0.682225 -0.0639411 -0.0127101 0.72823
1724732827.747705698 0.67077 -0.568934 0.486705 0.685562 -0.0620841 -0.0167717 0.725168
1724732827.947681427 0.511717 -0.621661 0.483469 0.673531 -0.0387752 -0.038289 0.737148
1724732828.147681713 0.372269 -0.669528 0.480706 0.663922 -0.0271161 -0.0507978 0.745582
1724732828.347682238 0.259559 -0.697743 0.489378 0.650094 -0.0346377 -0.0401637 0.758001
1724732828.547682524 0.158168 -0.695691 0.495092 0.641948 -0.0329985 -0.0364382 0.765171
1724732828.747682810 0.0686005 -0.658338 0.500207 0.642294 -0.0354074 -0.0334828 0.764907
1724732828.947683334 -0.0151669 -0.583432 0.503023 0.65061 -0.0353491 -0.0353184 0.757767
1724732829.147683620 -0.0866537 -0.482484 0.508526 0.652075 -0.0414134 -0.0326897 0.756317
1724732829.347629309 -0.153725 -0.358336 0.512722 0.648596 -0.0368044 -0.0375591 0.759315
1724732829.547629595 -0.210426 -0.211271 0.515032 0.650009 -0.0429782 -0.031703 0.758048
1724732829.747630119 -0.263385 -0.0398347 0.51718 0.658966 -0.0412855 -0.0368926 0.750132
1724732829.947646618 -0.306172 0.143618 0.510738 0.689845 -0.0453971 -0.0349162 0.721688
1724732830.147647142 -0.344094 0.312389 0.519163 0.703894 -0.0397371 -0.0387681 0.708132
1724732830.347678661 -0.388431 0.443418 0.539361 0.692236 -0.0304646 -0.043866 0.719692
1724732830.547678947 -0.429824 0.560279 0.540389 0.69441 -0.00802547 -0.0617306 0.716882
1724732830.747679472 -0.436365 0.656449 0.540161 0.689531 0.00114238 -0.0680864 0.721048
1724732830.947614431 -0.406056 0.743611 0.537313 0.685053 0.00567346 -0.0720277 0.724901
1724732831.147614956 -0.334478 0.824288 0.537514 0.682349 -0.000849245 -0.0689593 0.727767
1724732831.347607613 -0.222635 0.892025 0.539437 0.681123 0.00164126 -0.0716735 0.72865
1724732831.547608137 -0.0775253 0.95388 0.538966 0.679119 -0.00824507 -0.0602201 0.731507
1724732831.747608662 0.0878414 1.01481 0.539542 0.683119 -0.00988295 -0.0545807 0.728197
1724732831.947610855 0.26555 1.0706 0.539102 0.684692 -0.0246729 -0.0400903 0.727311
1724732832.147611380 0.444142 1.12693 0.540551 0.689436 -0.0335707 -0.0372684 0.722608
1724732832.347595692 0.615351 1.17849 0.538072 0.704164 -0.0410965 -0.0366953 0.707897
1724732832.547596216 0.775318 1.20893 0.537287 0.720388 -0.039933 -0.0411169 0.691199
1724732832.747596502 0.925201 1.20278 0.545188 0.724116 -0.0452487 -0.0381029 0.687137
1724732832.947611094 1.05913 1.15381 0.550718 0.720213 -0.0477786 -0.0368468 0.691125
1724732833.147611380 1.17969 1.07185 0.548878 0.714557 -0.0479353 -0.0360771 0.697
1724732833.347577095 1.28926 0.965226 0.5423 0.710287 -0.0459307 -0.0358157 0.701498
1724732833.547577620 1.39177 0.838588 0.533137 0.712055 -0.0466143 -0.0365315 0.699621
1724732833.747577906 1.48466 0.689548 0.524868 0.723884 -0.0509688 -0.0357675 0.687106
1724732833.947600603 1.56372 0.503995 0.520801 0.70174 -0.0470021 -0.0389544 0.709813
1724732834.147600889 1.63929 0.314437 0.510401 0.690609 -0.0414802 -0.041911 0.720821
1724732834.347546339 1.71047 0.135936 0.501057 0.681024 -0.0478799 -0.0330489 0.729947
1724732834.547546625 1.77425 -0.0301642 0.494774 0.673231 -0.0636247 -0.0191592 0.736441
1724732834.747547150 1.81277 -0.173732 0.48302 0.678257 -0.0760081 -0.00780494 0.730841
1724732834.947534323 1.80735 -0.296794 0.474575 0.682313 -0.0683603 -0.0125014 0.727749
1724732835.147534609 1.77898 -0.409367 0.473203 0.681032 -0.0724204 -0.0104549 0.728588
1724732835.347535133 1.72087 -0.511596 0.472859 0.680861 -0.0737151 -0.0101605 0.728622
1724732835.547535419 1.63291 -0.604084 0.46638 0.684797 -0.0675117 -0.0153974 0.725437
1724732835.747535944 1.52692 -0.693661 0.463641 0.685141 -0.0620589 -0.0182789 0.725531
1724732835.947530031 1.41015 -0.781758 0.462281 0.681782 -0.0640106 -0.0127409 0.728638
1724732836.147530556 1.28202 -0.863492 0.465507 0.681153 -0.0631844 -0.0155968 0.729243
1724732836.347506285 1.14378 -0.938529 0.466872 0.683818 -0.0732881 -0.00973278 0.725897
1724732836.547506809 0.98647 -1.01085 0.472091 0.681518 -0.0749846 -0.00889548 0.727895
1724732836.747507572 0.807024 -1.08069 0.468976 0.679884 -0.0649003 -0.0143347 0.730301
1724732836.947493553 0.619822 -1.14657 0.466406 0.682015 -0.0301275 -0.0443928 0.729367
1724732837.147494078 0.453299 -1.21152 0.471989 0.676968 -0.0195801 -0.0510857 0.733977
1724732837.347505569 0.325949 -1.26777 0.462139 0.67755 0.000637349 -0.0683092 0.732297
1724732837.547506094 0.241912 -1.31541 0.459556 0.677818 -0.0262606 -0.0471671 0.733245
1724732837.747506380 0.183733 -1.35828 0.470323 0.674807 -0.0660858 -0.0185669 0.734795
1724732837.947506905 0.108921 -1.38963 0.473579 0.680084 -0.0721446 -0.0158017 0.729404
1724732838.147507668 0.0113167 -1.4152 0.483814 0.67572 -0.0444446 -0.0402077 0.734718
1724732838.347491026 -0.0833567 -1.42801 0.498018 0.653343 -0.0395442 -0.0422814 0.754845
1724732838.547491789 -0.164331 -1.40972 0.507108 0.631361 -0.0406071 -0.0418078 0.773295
1724732838.747491837 -0.230765 -1.33604 0.506309 0.602801 -0.0371802 -0.0459388 0.7957
1724732838.947487116 -0.27457 -1.19168 0.488603 0.622883 -0.0382636 -0.0408025 0.780313
1724732839.147487402 -0.303172 -0.987755 0.482202 0.647081 -0.0445268 -0.0286173 0.760582
1724732839.347455978 -0.326421 -0.756613 0.48315 0.659005 -0.0372214 -0.0307138 0.750589
1724732839.547456264 -0.348243 -0.515752 0.489517 0.681514 -0.0336312 -0.0295677 0.730433
1724732839.747456789 -0.363529 -0.285827 0.507915 0.684361 -0.0347752 -0.0241886 0.727912
1724732839.947457314 -0.381893 -0.0747296 0.521113 0.697175 -0.0322848 -0.0239181 0.715774
1724732840.147457600 -0.403331 0.113147 0.531854 0.689945 -0.0290484 -0.0249868 0.722847
1724732840.347458124 -0.424291 0.281292 0.53115 0.69086 -0.0277377 -0.0274683 0.721934
1724732840.547458172 -0.446247 0.436627 0.526588 0.689873 -0.0140442 -0.0431309 0.722508
1724732840.747458696 -0.450445 0.577035 0.524693 0.688235 0.00565398 -0.0619852 0.722813
1724732840.947441101 -0.411808 0.700284 0.525634 0.687599 0.0154843 -0.0700302 0.72254
1724732841.147441626 -0.327489 0.814938 0.528313 0.684407 0.000158246 -0.058441 0.726755
1724732841.347442150 -0.214283 0.917292 0.529861 0.68397 -0.00428803 -0.0565936 0.727299
1724732841.547420263 -0.0780037 1.01667 0.533865 0.686956 -0.00883469 -0.0556331 0.724512
1724732841.747420549 0.0757 1.10619 0.540707 0.687342 -0.0142859 -0.0540896 0.724176
1724732841.947435379 0.242117 1.1893 0.541165 0.688611 -0.0229244 -0.0466867 0.723264
1724732842.147435904 0.41909 1.25757 0.542443 0.696057 -0.0374762 -0.0343395 0.716185
1724732842.347435951 0.587584 1.31057 0.544101 0.711097 -0.0521246 -0.0204592 0.70086
1724732842.547414541 0.730439 1.33441 0.547643 0.714672 -0.0503543 -0.0197659 0.697365
1724732842.747414827 0.851253 1.32218 0.551883 0.710354 -0.0410518 -0.0278227 0.702095
1724732842.947452545 0.956353 1.27972 0.552372 0.705897 -0.0452005 -0.0240743 0.70646
1724732843.147453070 1.04649 1.21645 0.548327 0.706665 -0.0408748 -0.0276985 0.705823
1724732843.347453356 1.13052 1.1393 0.54439 0.706166 -0.0391923 -0.0284238 0.706389
1724732843.547438383 1.20665 1.04559 0.543079 0.70789 -0.0399108 -0.0285839 0.704615
1724732843.747438908 1.27539 0.93242 0.543178 0.706156 -0.0402004 -0.0285634 0.706337
1724732843.947380543 1.33715 0.805606 0.538511 0.705121 -0.0389412 -0.0286603 0.707436
1724732844.147381067 1.39575 0.669222 0.532467 0.706821 -0.0359808 -0.0300266 0.705838
1724732844.347381592 1.44876 0.518414 0.527353 0.708234 -0.0385549 -0.0290319 0.704326
1724732844.547382116 1.50081 0.352065 0.525468 0.702074 -0.0426268 -0.0275183 0.710295
1724732844.747382402 1.54621 0.174582 0.51952 0.697836 -0.0449087 -0.0268674 0.714344
1724732844.947363615 1.58273 -0.00185606 0.514215 0.70019 -0.0418976 -0.02769 0.712188
1724732845.147363663 1.61357 -0.181052 0.510694 0.696536 -0.03757 -0.0275181 0.716009
1724732845.347364187 1.64291 -0.35995 0.507409 0.691962 -0.0358942 -0.026616 0.72055
1724732845.547380209 1.66242 -0.535007 0.500112 0.691772 -0.0393053 -0.0232402 0.720671
1724732845.747380733 1.67811 -0.704756 0.494869 0.680535 -0.0478898 -0.0192905 0.730895
1724732845.947360277 1.6861 -0.85842 0.484464 0.678626 -0.0658933 -0.00573818 0.7315
1724732846.147360802 1.66999 -0.994304 0.476983 0.677197 -0.0709998 -0.00388405 0.732358
1724732846.347361326 1.63022 -1.11498 0.478399 0.681842 -0.0803407 0.00293348 0.727069
1724732846.547329426 1.55689 -1.22196 0.474997 0.6874 -0.0452322 -0.024914 0.724441
1724732846.747329950 1.48809 -1.3278 0.475302 0.676454 -0.0176732 -0.0451731 0.734886
1724732846.947329521 1.44243 -1.41794 0.504165 0.674357 -0.0244424 -0.037091 0.737068
1724732847.147330046 1.41804 -1.499 0.529424 0.674463 -0.0298591 -0.034345 0.736905
1724732847.347330332 1.40326 -1.56999 0.545555 0.673337 -0.0305661 -0.0366634 0.737793
1724732847.547343493 1.39781 -1.62699 0.56636 0.677035 -0.038093 -0.0299427 0.734354
1724732847.747344255 1.39364 -1.67513 0.588131 0.684487 -0.0397732 -0.0296316 0.727336
1724732847.947324038 1.38735 -1.71941 0.615982 0.681231 -0.0418976 -0.0290659 0.73029
1724732848.147324562 1.37871 -1.7551 0.615918 0.685213 -0.0458759 -0.028749 0.726328
1724732848.347324610 1.36277 -1.79545 0.614625 0.691179 -0.0385866 -0.0343927 0.720832
1724732848.547333479 1.35029 -1.8406 0.616739 0.68048 -0.046243 -0.0264104 0.730829
1724732848.747333765 1.33228 -1.87794 0.620256 0.685159 -0.039415 -0.0327206 0.72659
1724732848.947361469 1.31117 -1.91266 0.629731 0.684163 -0.0447809 -0.0264379 0.727472
1724732849.147361755 1.28737 -1.94455 0.638965 0.685166 -0.0402756 -0.0313132 0.726598
1724732849.347362280 1.26417 -1.97564 0.648562 0.684791 -0.0454011 -0.0283095 0.726773
1724732849.547386408 1.23867 -2.00419 0.656979 0.68128 -0.0489584 -0.0267504 0.729894
1724732849.747386694 1.20539 -2.02695 0.660262 0.681497 -0.0499187 -0.0247342 0.729698
1724732849.947322369 1.16468 -2.04336 0.663831 0.68056 -0.0539492 -0.021202 0.730396
1724732850.147322416 1.11327 -2.05571 0.661592 0.680255 -0.0481304 -0.0245146 0.730983
1724732850.347323179 1.05244 -2.06067 0.66412 0.676908 -0.0554575 -0.0184915 0.733743
1724732850.547336340 0.980546 -2.06078 0.664772 0.676669 -0.0520912 -0.0232739 0.734073
1724732850.747336864 0.900965 -2.056 0.66144 0.67674 -0.0557687 -0.0206859 0.733815
1724732850.947321415 0.815495 -2.04271 0.662822 0.677706 -0.0498702 -0.0234991 0.733263
1724732851.147321701 0.718996 -2.03137 0.670638 0.673149 -0.0580911 -0.0143022 0.737083
1724732851.347322226 0.612052 -2.00724 0.669528 0.674603 -0.0582089 -0.0142419 0.735744
1724732851.547297478 0.492266 -1.9762 0.667908 0.677042 -0.0582695 -0.013092 0.733517
1724732851.747297764 0.356544 -1.94585 0.673212 0.678348 -0.0574921 -0.0133197 0.732367
1724732851.947283745 0.206424 -1.91293 0.676912 0.679544 -0.0506056 -0.0194635 0.731628
1724732852.147284269 0.0520317 -1.87857 0.677435 0.679004 -0.0483819 -0.0223986 0.732196
1724732852.347284317 -0.100001 -1.84163 0.678699 0.684964 -0.0406474 -0.0315108 0.726759
1724732852.547284842 -0.243368 -1.80789 0.680975 0.68375 -0.0215414 -0.0496158 0.727708
1724732852.747285366 -0.358072 -1.77329 0.69569 0.655713 -0.0252526 -0.0471341 0.753115
1724732852.947285652 -0.453552 -1.71602 0.697993 0.620717 -0.0317285 -0.0436869 0.782173
1724732853.147286415 -0.52875 -1.60136 0.687925 0.629105 -0.0386191 -0.0393947 0.77536
1724732853.347286701 -0.592973 -1.436 0.682737 0.641461 -0.0379706 -0.0366034 0.76534
1724732853.547247410 -0.646645 -1.23316 0.685547 0.644728 -0.0411776 -0.0264591 0.762844
1724732853.747247458 -0.694483 -0.997198 0.691742 0.651884 -0.0382635 -0.0236874 0.756983
1724732853.947212696 -0.74396 -0.738755 0.694905 0.672959 -0.0432048 -0.0191274 0.738169
1724732854.147213221 -0.797766 -0.479527 0.702136 0.690773 -0.0350898 -0.0278442 0.721683
1724732854.347213268 -0.846112 -0.242352 0.714264 0.704235 -0.0356477 -0.0295364 0.708456
1724732854.547213793 -0.88809 -0.0410555 0.724257 0.696176 -0.0325 -0.0283412 0.716575
1724732854.747214079 -0.929443 0.133149 0.728517 0.701244 -0.0352157 -0.0283264 0.711487
1724732854.947185040 -0.960484 0.274585 0.726647 0.700609 -0.0360002 -0.0300884 0.712001
1724732855.147185326 -0.99098 0.382508 0.723599 0.694616 -0.0252309 -0.0365213 0.71801
1724732855.347186089 -1.00828 0.478795 0.721482 0.690688 -0.0195226 -0.0352757 0.722028
1724732855.547226667 -1.01241 0.558464 0.722618 0.688463 -0.00293778 -0.0438315 0.72394
1724732855.747226954 -0.987881 0.620198 0.727897 0.685643 -0.00674569 -0.0395678 0.726831
1724732855.947227478 -0.948849 0.680095 0.737246 0.684003 -0.0128083 -0.0379289 0.72838
1724732856.147227764 -0.895344 0.735662 0.745639 0.684446 -0.015204 -0.043479 0.727607
1724732856.347228527 -0.833343 0.785218 0.74888 0.683588 -0.0215754 -0.0425875 0.728305
1724732856.547169209 -0.756669 0.826612 0.743791 0.683633 -0.0156488 -0.0484836 0.728046
1724732856.747169733 -0.665584 0.861022 0.739649 0.68476 -0.0147612 -0.04697 0.727103
1724732856.947170258 -0.559824 0.892456 0.734932 0.686852 -0.0240674 -0.0367284 0.72547
1724732857.147170544 -0.449352 0.914466 0.729426 0.688146 -0.0199653 -0.0381112 0.724295
1724732857.347171068 -0.331076 0.928417 0.728355 0.687941 -0.0185531 -0.0393335 0.724462
1724732857.547150850 -0.206495 0.937711 0.728378 0.686248 -0.0201473 -0.0367204 0.726161
1724732857.747151375 -0.0762823 0.9448 0.728775 0.68963 -0.0172974 -0.0407357 0.722809
1724732857.947159767 0.0597288 0.950073 0.725175 0.688985 -0.0159184 -0.044468 0.723235
1724732858.147160053 0.203341 0.952291 0.719332 0.69595 -0.0252237 -0.0419613 0.716419
1724732858.347160339 0.352753 0.947058 0.716098 0.704282 -0.0275178 -0.0439852 0.708022
1724732858.547162771 0.503764 0.920219 0.71321 0.703316 -0.0394783 -0.0359075 0.708871
1724732858.747163057 0.638509 0.876597 0.716968 0.705632 -0.0524614 -0.0245738 0.706206
1724732858.947152615 0.751428 0.81368 0.717357 0.697992 -0.0456238 -0.0307199 0.71399
1724732859.147153139 0.852134 0.745473 0.712957 0.693653 -0.0429833 -0.0317701 0.718324
1724732859.347153425 0.939691 0.67577 0.708842 0.692779 -0.0529119 -0.0218395 0.718875
1724732859.547142982 1.01035 0.604881 0.707677 0.686608 -0.0586347 -0.017167 0.724456
1724732859.747143269 1.05712 0.536977 0.703695 0.675767 -0.0712144 -0.0068674 0.733635
1724732859.947119713 1.06732 0.485812 0.69341 0.679779 -0.0608918 -0.0143837 0.730744
1724732860.147119761 1.05451 0.448638 0.68608 0.682407 -0.0645451 -0.00752833 0.728078
1724732860.347120285 1.01748 0.419844 0.689176 0.685387 -0.0822418 0.0114806 0.723429
1724732860.547095060 0.93189 0.392865 0.69438 0.682642 -0.100709 0.0282376 0.723229
1724732860.747095108 0.776103 0.36434 0.693193 0.684698 -0.0963813 0.0236897 0.722037
1724732860.947119474 0.569248 0.33718 0.689405 0.684943 -0.0691885 0.00036394 0.725304
1724732861.147119522 0.34392 0.313186 0.684705 0.691437 -0.0171425 -0.0439264 0.720897
1724732861.347120047 0.152656 0.285568 0.680566 0.683801 0.00577322 -0.0588428 0.727269
1724732861.547084332 0.00901151 0.251133 0.681046 0.683155 0.00278513 -0.0542895 0.728248
1724732861.747084618 -0.0970518 0.216356 0.682074 0.680028 -0.00861779 -0.0419882 0.731932
1724732861.947115898 -0.176346 0.180436 0.686721 0.679603 -0.0148128 -0.0394558 0.732369
1724732862.147116423 -0.231512 0.143856 0.686351 0.67664 -0.0139808 -0.042034 0.734981
1724732862.347116947 -0.263969 0.113184 0.685019 0.677906 -0.0151601 -0.0415952 0.733814
1724732862.547092199 -0.276795 0.0851146 0.691502 0.682677 -0.0172792 -0.0412062 0.729353
1724732862.747092724 -0.266579 0.0528689 0.701959 0.681102 -0.0291794 -0.0305478 0.730969
1724732862.947082996 -0.25425 0.0231005 0.707466 0.680456 -0.0452013 -0.0154331 0.731231
1724732863.147083521 -0.25221 -0.00616793 0.71077 0.682104 -0.0491641 -0.0109039 0.729519
1724732863.347083807 -0.266841 -0.0329212 0.710123 0.679636 -0.0434943 -0.0142357 0.732121
1724732863.547106266 -0.293485 -0.056283 0.706494 0.681741 -0.0271609 -0.0308542 0.730438
1724732863.747107029 -0.305049 -0.0826261 0.7068 0.681376 -0.0131746 -0.0479044 0.730245
1724732863.947107077 -0.301359 -0.110534 0.706471 0.681083 -0.0208945 -0.0493133 0.730245
1724732864.147107601 -0.274502 -0.138121 0.708021 0.680885 -0.0186274 -0.0563766 0.72998
1724732864.347107887 -0.223512 -0.166382 0.708958 0.684118 -0.0516005 -0.0273378 0.72703
1724732864.547061682 -0.183395 -0.196561 0.718096 0.682669 -0.0633811 -0.0158754 0.7278
1724732864.747061968 -0.168377 -0.224186 0.712618 0.68227 -0.0557819 -0.0179742 0.728747
1724732864.947038174 -0.16927 -0.248719 0.694081 0.68248 -0.0484801 -0.0234477 0.728918
1724732865.147038460 -0.179079 -0.272586 0.651783 0.684005 -0.0362756 -0.0301402 0.727951
1724732865.347038984 -0.187539 -0.297478 0.594694 0.682067 -0.0279463 -0.0342485 0.729953
1724732865.547039509 -0.190882 -0.321768 0.536372 0.67753 -0.0355442 -0.025262 0.734202
1724732865.747039795 -0.190495 -0.340978 0.471644 0.677716 -0.0307881 -0.0281863 0.734138
1724732865.947014570 -0.188574 -0.35521 0.399551 0.680527 -0.0275495 -0.0293582 0.731617
1724732866.147014856 -0.183429 -0.37177 0.322662 0.676271 -0.0254712 -0.0269818 0.735718
1724732866.347015381 -0.171202 -0.381163 0.246222 0.677125 -0.028836 -0.0228532 0.734947
1724732866.547023058 -0.162735 -0.385569 0.178814 0.678674 -0.0308528 -0.0222064 0.733455
1724732866.747023344 -0.155855 -0.392 0.125459 0.681372 -0.0359438 -0.0211971 0.730747
1724732866.946999311 -0.159263 -0.389153 0.0742625 0.682657 -0.0343938 -0.0242108 0.729527
1724732867.146999598 -0.154006 -0.385464 0.0343084 0.684769 -0.0342797 -0.0269895 0.727453
1724732867.346999884 -0.148091 -0.386125 -0.00337091 0.686736 -0.0378085 -0.0262319 0.725449
1724732867.547009945 -0.148599 -0.392029 -0.0098496 0.684073 -0.0278547 -0.0328622 0.72814
1724732867.747010469 -0.142525 -0.397854 -0.0100323 0.683124 -0.0294383 -0.0374348 0.728748
1724732867.946978807 -0.142078 -0.39841 -0.0114845 0.683164 -0.0289799 -0.0369615 0.728753
1724732868.146979332 -0.142815 -0.398215 -0.0116647 0.683083 -0.0289549 -0.0367629 0.72884
1724732868.346979380 -0.142396 -0.397415 -0.011488 0.683081 -0.0290602 -0.0368603 0.728833
1724732868.547010660 -0.141685 -0.396997 -0.0115567 0.683079 -0.0293001 -0.0371072 0.728812
1724732868.747011185 -0.141488 -0.397165 -0.011131 0.683108 -0.0296328 -0.0373761 0.728758
1724732868.946962833 -0.142114 -0.397039 -0.0104734 0.683147 -0.0298481 -0.0376319 0.7287
1724732869.146963358 -0.142673 -0.396021 -0.0114701 0.683135 -0.0298785 -0.0376212 0.72871
1724732869.346963644 -0.142614 -0.395662 -0.0112787 0.683154 -0.0298953 -0.0375772 0.728694
1724732869.546964645 -0.142741 -0.396308 -0.0105929 0.683215 -0.0297585 -0.0374616 0.728649
1724732869.746964931 -0.142012 -0.396238 -0.0109676 0.683176 -0.0295985 -0.0372589 0.728702
1724732869.946940422 -0.140305 -0.395425 -0.0116829 0.683048 -0.0292003 -0.0367389 0.728864
1724732870.146940947 -0.141179 -0.393417 -0.0119877 0.682841 -0.0289687 -0.0360961 0.7291
1724732870.346941233 -0.140297 -0.391866 -0.0119591 0.682853 -0.0281978 -0.0349972 0.729172
1724732870.546967030 -0.138732 -0.390165 -0.0116957 0.683284 -0.0281719 -0.0354846 0.728745
1724732870.746967316 -0.13828 -0.390355 -0.00880685 0.683458 -0.0282686 -0.0354608 0.72858
1724732870.946941376 -0.138505 -0.391036 -0.0074535 0.683505 -0.0282162 -0.0355529 0.728533
1724732871.146941662 -0.137655 -0.391091 -0.00762467 0.683507 -0.0282585 -0.0355562 0.72853
1724732871.346942186 -0.142238 -0.391565 -0.00917781 0.683442 -0.0280099 -0.0352783 0.728613
1724732871.546924353 -0.144481 -0.391433 -0.0102837 0.683366 -0.0278514 -0.0350802 0.728701
1724732871.746924877 -0.145011 -0.391439 -0.00976002 0.683397 -0.0278157 -0.0350499 0.728675
1724732871.946935654 -0.14716 -0.392197 -0.00964879 0.68336 -0.0276713 -0.0349818 0.728718
1724732872.146935701 -0.147258 -0.392803 -0.00950334 0.683359 -0.0276529 -0.0349151 0.728722
1724732872.346936226 -0.147129 -0.392985 -0.00980604 0.683337 -0.0276869 -0.0349027 0.728743
1724732872.546905279 -0.146218 -0.392597 -0.00970487 0.683335 -0.0277296 -0.0349403 0.728741
1724732872.746905804 -0.144505 -0.392776 -0.00954162 0.683331 -0.0278331 -0.0350164 0.728738
1724732872.946951866 -0.144421 -0.393031 -0.0100243 0.68327 -0.027845 -0.0349595 0.728797
1724732873.146952391 -0.145227 -0.392997 -0.0103208 0.68324 -0.027843 -0.0348401 0.72883
1724732873.346952915 -0.147669 -0.393573 -0.0105184 0.683236 -0.0277317 -0.034606 0.72885
1724732873.546950817 -0.148191 -0.393667 -0.0116335 0.683164 -0.0276908 -0.0345618 0.728921
1724732873.746951342 -0.148006 -0.393189 -0.0120767 0.683123 -0.0277015 -0.0345308 0.728961
1724732873.946941614 -0.147744 -0.393779 -0.0115404 0.683159 -0.0277109 -0.0345764 0.728924
1724732874.146942139 -0.147643 -0.393755 -0.0125031 0.683091 -0.0277365 -0.0345741 0.728987
1724732874.346942425 -0.146883 -0.393288 -0.0128454 0.683062 -0.0277635 -0.0346124 0.729011
1724732874.546939611 -0.14735 -0.393098 -0.0127642 0.683078 -0.0277676 -0.0345197 0.729001
1724732874.746939898 -0.147076 -0.393469 -0.0129718 0.683069 -0.0277453 -0.0345929 0.729006
1724732874.946890831 -0.146677 -0.393271 -0.0131247 0.683068 -0.0278199 -0.0345903 0.729005
1724732875.146891356 -0.146893 -0.3934 -0.0130374 0.683073 -0.027784 -0.034551 0.729003
1724732875.346891642 -0.147644 -0.393581 -0.0133409 0.683051 -0.0277366 -0.0345466 0.729026
1724732875.546892166 -0.147132 -0.393646 -0.0134863 0.683054 -0.0277708 -0.0345299 0.729022
1724732875.746892452 -0.147219 -0.393516 -0.0138136 0.683022 -0.0277826 -0.0345722 0.72905
1724732875.946892738 -0.146434 -0.39375 -0.0129354 0.683082 -0.0278317 -0.0346461 0.728989
1724732876.146893024 -0.146886 -0.393508 -0.0133514 0.683055 -0.0278561 -0.0344968 0.72902
1724732876.346893549 -0.146613 -0.393786 -0.0125525 0.683113 -0.0278744 -0.0345607 0.728962
1724732876.546843529 -0.146838 -0.393894 -0.0126204 0.683119 -0.0278362 -0.0345809 0.728956
1724732876.746843815 -0.147337 -0.393759 -0.0128704 0.683102 -0.0278334 -0.0345041 0.728976
1724732876.946844339 -0.147076 -0.39358 -0.0130364 0.683076 -0.0278497 -0.03452 0.729
1724732877.146840096 -0.14683 -0.392905 -0.0138049 0.683033 -0.0278828 -0.034513 0.729039
1724732877.346840620 -0.146732 -0.393017 -0.0134271 0.683075 -0.0278979 -0.034505 0.728999
1724732877.546829462 -0.134605 -0.391793 -0.0157119 0.68299 -0.0284209 -0.0359752 0.728987
1724732877.746829748 -0.134073 -0.391859 -0.0158381 0.682968 -0.0284283 -0.036009 0.729006
1724732877.946830034 -0.133797 -0.391919 -0.0152684 0.683011 -0.0284568 -0.0360617 0.728962
1724732878.146841288 -0.134027 -0.391218 -0.015804 0.682964 -0.0284341 -0.0360382 0.729008
1724732878.346841812 -0.133402 -0.391901 -0.0175423 0.682849 -0.0284742 -0.0360869 0.729112
1724732878.546887636 -0.134141 -0.392359 -0.0160619 0.68297 -0.0284518 -0.0360362 0.729002
1724732878.746888161 -0.134117 -0.39157 -0.014174 0.683097 -0.0284962 -0.0359497 0.728885
1724732878.946888447 -0.133825 -0.391797 -0.0140833 0.683123 -0.0285303 -0.0359377 0.728861
1724732879.146888971 -0.133417 -0.391074 -0.0147211 0.683068 -0.0285742 -0.0359836 0.728908
1724732879.346889257 -0.133473 -0.391083 -0.0154008 0.683031 -0.0285675 -0.0360004 0.728942
1724732879.546889544 -0.133822 -0.391378 -0.0149812 0.683064 -0.0285603 -0.0359627 0.728913
1724732879.746890068 -0.13329 -0.391194 -0.0161419 0.682964 -0.0285764 -0.0360101 0.729004
1724732879.946890354 -0.132615 -0.391684 -0.0151927 0.683034 -0.0286506 -0.0360157 0.728935
