1724732769.548754454 -0.0905899 0.158192 -0.0035131 0.675635 -0.0193518 -0.0114076 0.736894
1724732769.748693466 -0.0924834 0.178308 -0.0074679 0.677363 -0.0294841 -0.0138717 0.734927
1724732769.948693752 -0.0972329 0.205537 -0.0130272 0.682887 -0.0220495 -0.028875 0.72962
1724732770.148725033 -0.0977006 0.233166 -0.00792936 0.684976 -0.0222988 -0.0298632 0.727611
1724732770.348725557 -0.100286 0.255651 0.00920721 0.690708 -0.0212738 -0.0271186 0.722312
1724732770.548725843 -0.0897548 0.266043 0.0246052 0.687318 -0.0199161 -0.0261883 0.725611
1724732770.748725414 -0.0818865 0.2692 0.0331684 0.686226 -0.0219645 -0.0242788 0.726651
1724732770.948725939 -0.0807888 0.224358 0.0357991 0.673067 -0.0218203 -0.0281649 0.738723
1724732771.148725986 -0.0793654 0.167592 0.0394578 0.655785 -0.0206343 -0.0274309 0.754167
1724732771.348726511 -0.0740571 0.140416 0.0494679 0.65234 -0.0174274 -0.0250563 0.757311
1724732771.548726797 -0.0653602 0.121696 0.0611031 0.649754 -0.0171087 -0.0220766 0.759631
1724732771.748684168 -0.056491 0.104186 0.0764798 0.64247 -0.0203365 -0.0146848 0.765901
1724732771.948684216 -0.0460649 0.0933115 0.0816351 0.644178 -0.0147337 -0.0169192 0.764547
1724732772.148684740 -0.0303975 0.0897121 0.0943818 0.645606 -0.0173168 -0.0140995 0.763344
1724732772.348685026 -0.0115238 0.096543 0.10864 0.65258 -0.0227197 -0.0114697 0.757293
1724732772.548685551 0.00240552 0.106387 0.126724 0.655317 -0.023017 -0.0151611 0.754851
1724732772.748636007 0.015846 0.119551 0.135238 0.6588 -0.0266805 -0.0138863 0.751717
1724732772.948636293 0.0260066 0.132441 0.13854 0.660622 -0.0265953 -0.0128136 0.750138
1724732773.148636818 0.0340756 0.137294 0.155594 0.660894 -0.0236671 -0.011915 0.750011
1724732773.348622084 0.0376327 0.141183 0.178906 0.664516 -0.0181974 -0.0106967 0.746976
1724732773.548622608 0.0400782 0.135586 0.203436 0.662727 -0.0166041 -0.00902275 0.748623
1724732773.748648167 0.0463974 0.114465 0.243693 0.659335 -0.0105668 -0.0115809 0.751686
1724732773.948648691 0.0494396 0.102894 0.285552 0.6602 -0.0121828 -0.00980833 0.750927
1724732774.148649216 0.0541276 0.0901091 0.322031 0.660296 -0.0108949 -0.0091936 0.75087
1724732774.348641634 0.0557735 0.0776695 0.356013 0.657079 -0.0120041 -0.00670547 0.753697
1724732774.548642159 0.0541353 0.0625226 0.377389 0.657429 -0.00857461 -0.00982211 0.753404
1724732774.748649836 0.0527191 0.0480068 0.363476 0.656436 -0.00774844 -0.0138078 0.754215
1724732774.948650360 0.0463458 0.0318791 0.320256 0.654055 -0.0102574 -0.011935 0.756283
1724732775.148650646 0.0496975 0.0246757 0.292962 0.655706 -0.0106971 -0.0102481 0.754871
1724732775.348595619 0.0511843 0.0254445 0.28579 0.659857 -0.0155004 -0.00845565 0.751183
1724732775.548595905 0.0385831 0.0322826 0.287802 0.660209 -0.0172184 -0.0108892 0.750805
1724732775.748634100 0.0341786 0.0283687 0.300749 0.662942 -0.0177677 -0.0141419 0.748326
1724732775.948634624 0.0228643 0.0178591 0.315356 0.660529 -0.0136615 -0.0167235 0.75049
1724732776.148634672 0.020973 0.0102915 0.322992 0.661337 -0.0166146 -0.00864644 0.749855
1724732776.348602295 0.0172481 -0.00569908 0.324112 0.65865 -0.00987631 -0.00834583 0.752339
1724732776.548602581 0.0162652 -0.0270016 0.320857 0.657515 -0.0074505 -0.00626927 0.753378
1724732776.748565912 0.00462291 -0.0251356 0.320996 0.654588 -0.0121821 -0.00114811 0.755887
1724732776.948566198 0.00270062 -0.0368911 0.313171 0.659703 -0.011187 -0.00624989 0.751417
1724732777.148566961 0.000918012 -0.0470557 0.312807 0.662264 -0.0144015 -0.00882416 0.74908
1724732777.348539352 0.00121363 -0.0574161 0.314422 0.666431 -0.0124429 -0.0122659 0.745362
1724732777.548539639 -0.0119566 -0.0538827 0.32186 0.672184 -0.0144038 -0.00771207 0.740203
1724732777.748542070 -0.00602703 -0.0810917 0.33011 0.669795 -0.0154656 -0.00439176 0.742372
1724732777.948542118 -0.0062197 -0.113435 0.336957 0.667026 -0.0162481 -0.00416594 0.744846
1724732778.148542643 0.00162001 -0.156654 0.340523 0.664019 -0.0210392 -0.00190121 0.747418
1724732778.348483801 -0.00119677 -0.19861 0.345771 0.667816 -0.0194431 -0.00497937 0.744055
1724732778.548484325 -0.00554919 -0.248448 0.348883 0.668388 -0.0196169 -0.00644378 0.743526
1724732778.748484612 -0.00744643 -0.306591 0.353428 0.670516 -0.0200877 -0.00873929 0.741572
1724732778.948485136 -0.00949726 -0.369275 0.358978 0.671253 -0.0234731 -0.00751181 0.740818
1724732779.148485661 -0.0133254 -0.443646 0.363182 0.671446 -0.0211921 -0.0120863 0.740652
1724732779.348529816 -0.0144083 -0.52732 0.367681 0.670557 -0.022036 -0.0145522 0.741388
1724732779.548530340 -0.0137165 -0.617787 0.373317 0.669714 -0.028653 -0.010435 0.741993
1724732779.748517036 -0.0169112 -0.710815 0.377092 0.674525 -0.0214374 -0.01551 0.737778
1724732779.948517561 -0.0179513 -0.812011 0.383447 0.67625 -0.0226477 -0.01041 0.736251
1724732780.148517847 -0.0204117 -0.922107 0.389641 0.673769 -0.0192431 -0.0120949 0.738592
1724732780.348540783 -0.0228336 -1.0381 0.394903 0.670357 -0.0197178 -0.0126372 0.741669
1724732780.548541307 -0.0275854 -1.15364 0.400267 0.651909 -0.0252852 -0.00974025 0.757813
1724732780.748518229 -0.0351588 -1.24976 0.399514 0.644275 -0.0221448 -0.0118945 0.764381
1724732780.948518753 -0.0429284 -1.31848 0.397799 0.650514 -0.0222478 -0.0101166 0.759101
1724732781.148519278 -0.0511721 -1.3574 0.394806 0.649822 -0.0191071 -0.00537612 0.759827
1724732781.348490953 -0.0637502 -1.37463 0.39224 0.644406 -0.0110573 -0.0072414 0.764569
1724732781.548491240 -0.0755618 -1.36196 0.388007 0.657022 -0.00940257 -0.00848193 0.753765
1724732781.748489141 -0.0837026 -1.33694 0.387303 0.657501 -0.0103538 -0.00869501 0.753333
1724732781.948489428 -0.0887999 -1.31305 0.388631 0.643311 -0.00834553 -0.0109149 0.765482
1724732782.148489952 -0.089982 -1.27496 0.381543 0.639784 -0.0125149 -0.00939344 0.768396
1724732782.348501444 -0.0900654 -1.20537 0.379058 0.6403 -0.0143884 -0.00631641 0.767964
1724732782.548501730 -0.089887 -1.12148 0.379608 0.64713 -0.0135492 -0.00728005 0.762224
1724732782.748502254 -0.0906286 -1.03314 0.377516 0.646061 -0.0141737 -0.00723546 0.76312
1724732782.948502541 -0.0922399 -0.930657 0.378319 0.651344 -0.0164984 -0.00923328 0.758547
1724732783.148502827 -0.0890551 -0.821033 0.39129 0.649906 -0.0166407 -0.0116656 0.759743
1724732783.348503351 -0.087034 -0.7066 0.400026 0.645758 -0.0209711 -0.00883706 0.763203
1724732783.548503876 -0.0830603 -0.58059 0.403982 0.64859 -0.014283 -0.0155214 0.760845
1724732783.748421431 -0.0739971 -0.443901 0.408007 0.647044 -0.0198151 -0.00969483 0.762133
1724732783.948421717 -0.0614209 -0.29699 0.406255 0.651243 -0.0163894 -0.00791443 0.758651
1724732784.148422003 -0.0433963 -0.144261 0.403722 0.652129 -0.0130952 -0.00419961 0.757983
1724732784.348428488 -0.0261696 0.0136624 0.403055 0.649525 -0.0185084 0.00673353 0.760085
1724732784.548429012 -0.018028 0.178043 0.399151 0.652025 -0.0155734 0.00111243 0.758037
1724732784.748478651 -0.0138974 0.345674 0.394503 0.657432 -0.012077 -0.00737759 0.753381
1724732784.948479176 -0.00717081 0.513229 0.388509 0.673947 -0.0142712 -0.00931153 0.738583
1724732785.148479462 0.00340226 0.665453 0.385528 0.687469 -0.0127103 -0.01106 0.726018
1724732785.348390102 0.0184899 0.789163 0.38655 0.690115 -0.0202042 -0.00369773 0.723408
1724732785.548390627 0.0276919 0.882869 0.386074 0.688937 -0.01787 -0.00538683 0.724581
1724732785.748415947 0.0302296 0.943472 0.385559 0.687138 -0.0144285 -0.00835814 0.726335
1724732785.948416471 0.0291094 0.975287 0.382186 0.684382 -0.0165461 -0.00742863 0.728898
1724732786.148416758 0.0252064 0.983585 0.378342 0.6756 -0.016373 -0.00919414 0.73703
1724732786.348423004 0.0213261 0.971849 0.374598 0.667871 -0.0138055 -0.0136299 0.744024
1724732786.548423290 0.015281 0.962903 0.369336 0.676135 -0.0155973 -0.0147538 0.736465
1724732786.748427153 0.01684 0.95024 0.368154 0.676035 -0.0184824 -0.0128678 0.736525
1724732786.948427677 0.0177547 0.92898 0.367117 0.684379 -0.0173229 -0.0145034 0.728777
1724732787.148427963 0.0192842 0.895925 0.366773 0.691278 -0.0219125 -0.0109322 0.722174
1724732787.348381758 0.0184419 0.836212 0.373305 0.69282 -0.0176382 -0.0160519 0.720716
1724732787.548382282 0.0162046 0.752076 0.378733 0.691345 -0.0182124 -0.0150122 0.722139
1724732787.748386383 0.0132694 0.647736 0.384626 0.679296 -0.0156708 -0.0182016 0.733471
1724732787.948386669 0.0118278 0.538926 0.390836 0.650859 -0.0190953 -0.0152784 0.758805
1724732788.148387194 0.00843707 0.453356 0.392915 0.649813 -0.014475 -0.0227455 0.759616
1724732788.348374605 0.00965835 0.392313 0.390968 0.655457 -0.01586 -0.0215174 0.754759
1724732788.548374891 0.0175039 0.34889 0.393955 0.664254 -0.0108079 -0.0260823 0.746974
1724732788.748375416 0.0312756 0.313665 0.396589 0.667288 -0.00513066 -0.0282879 0.744245
1724732788.948375702 0.0573911 0.282802 0.398711 0.669105 -0.00612218 -0.025555 0.742703
1724732789.148376226 0.0948497 0.25402 0.399456 0.671803 -0.00628307 -0.0259111 0.74025
1724732789.348347664 0.142975 0.224915 0.401134 0.673135 -0.00957869 -0.0247187 0.739045
1724732789.548348188 0.199883 0.192342 0.402038 0.670357 -0.0130331 -0.0219553 0.7416
1724732789.748348475 0.260241 0.1582 0.400357 0.671188 -0.0119819 -0.0260344 0.740733
1724732789.948348761 0.32958 0.124519 0.393538 0.670048 -0.0153894 -0.0221904 0.741827
1724732790.148349285 0.402418 0.0932691 0.388233 0.670304 -0.0169084 -0.0194634 0.741638
1724732790.348368406 0.481029 0.0678999 0.378997 0.668846 -0.0111808 -0.0169067 0.743124
1724732790.548368931 0.562419 0.0446087 0.372909 0.67007 -0.00997849 -0.00967601 0.742168
1724732790.748320818 0.642207 0.0211056 0.367599 0.671061 -0.000352281 -0.0134391 0.74128
1724732790.948321342 0.725653 -0.00265095 0.363003 0.67112 0.00111187 -0.011829 0.741253
1724732791.148321629 0.810788 -0.0236841 0.362086 0.672263 -0.0233249 0.00676877 0.739914
1724732791.348328590 0.875781 -0.0401887 0.358489 0.675441 -0.0256921 -0.000930205 0.736966
1724732791.548328876 0.92166 -0.0539111 0.357408 0.675596 -0.0319036 -0.00628864 0.736555
1724732791.748344421 0.956001 -0.0659089 0.35626 0.672916 -0.0371564 -0.00801741 0.738742
1724732791.948344946 0.97112 -0.0743055 0.358226 0.681482 -0.0290293 -0.0167926 0.731066
1724732792.148345470 0.98398 -0.0898488 0.360316 0.671015 -0.0217224 -0.0228548 0.740773
1724732792.348297596 0.991593 -0.104432 0.366019 0.672066 -0.0225599 -0.0206811 0.739859
1724732792.548298120 1.00001 -0.115939 0.391016 0.675307 -0.0187295 -0.0204321 0.737016
1724732792.748299122 1.01704 -0.126481 0.444108 0.676249 -0.0125436 -0.0230256 0.736206
1724732792.948299408 1.04025 -0.139534 0.480011 0.675167 -0.0205602 -0.0153363 0.737219
1724732793.148299694 1.05916 -0.150038 0.472298 0.67424 -0.0188256 -0.0188924 0.738031
1724732793.348309040 1.07967 -0.159474 0.457463 0.675768 -0.0192434 -0.0176334 0.736652
1724732793.548309326 1.1002 -0.170835 0.451826 0.690013 -0.0196224 -0.0161621 0.72335
1724732793.748313189 1.11918 -0.194699 0.45953 0.681344 -0.0216945 -0.0104595 0.731567
1724732793.948313713 1.13187 -0.222349 0.470523 0.677939 -0.01542 -0.010658 0.734879
1724732794.148314238 1.13839 -0.252514 0.484776 0.677477 -0.0169777 -0.00471832 0.735333
1724732794.348308086 1.13862 -0.283858 0.494799 0.691745 -0.00509316 -0.0136394 0.721995
1724732794.548308849 1.1479 -0.331277 0.506077 0.687206 -0.0120958 -0.0177986 0.726143
1724732794.748309135 1.16339 -0.387409 0.511775 0.687331 -0.0246278 -0.0224252 0.725581
1724732794.948309660 1.18028 -0.448992 0.510772 0.69084 -0.0322734 -0.0232836 0.721912
1724732795.148309946 1.1986 -0.526476 0.506713 0.682764 -0.0391368 -0.0141037 0.729453
1724732795.348256111 1.20828 -0.601275 0.504493 0.656634 -0.0202958 -0.0203986 0.75366
1724732795.548256636 1.22462 -0.658479 0.500474 0.657823 -0.0191924 -0.0140206 0.752797
1724732795.748233080 1.23998 -0.693461 0.499392 0.668412 -0.0314852 -0.00491417 0.743109
1724732795.948233604 1.24475 -0.717534 0.500841 0.672905 -0.0394555 -0.00277442 0.738671
1724732796.148233891 1.2347 -0.735641 0.503973 0.679609 -0.027721 -0.0110301 0.732968
1724732796.348237753 1.21592 -0.749729 0.502988 0.676156 -0.0254073 -0.0100632 0.736251
1724732796.548238277 1.19095 -0.763827 0.496721 0.675781 -0.0304476 -0.00563084 0.736452
1724732796.748215437 1.16108 -0.784545 0.494305 0.673072 -0.033689 -0.00376927 0.7388
1724732796.948215723 1.1188 -0.803194 0.492416 0.67503 -0.029412 -0.00877069 0.737152
1724732797.148216009 1.07108 -0.821116 0.48535 0.670496 -0.0349385 -0.00489385 0.741074
1724732797.348200798 1.01287 -0.837171 0.48003 0.676684 -0.0310674 -0.0118216 0.735523
1724732797.548200846 0.948287 -0.850756 0.481054 0.672836 -0.0386537 -0.00826026 0.738735
1724732797.748219252 0.875244 -0.867827 0.479903 0.677657 -0.0377544 -0.0123742 0.734304
1724732797.948219538 0.794498 -0.883683 0.48216 0.6763 -0.0357475 -0.0143022 0.73562
1724732798.148220062 0.70903 -0.902539 0.484092 0.675621 -0.0389253 -0.0112199 0.736136
1724732798.348244429 0.614597 -0.92249 0.487411 0.674171 -0.031163 -0.0169275 0.737724
1724732798.548244715 0.520422 -0.941688 0.489165 0.675108 -0.0364467 -0.0079916 0.736775
1724732798.748245478 0.42055 -0.961082 0.493177 0.675069 -0.0305889 -0.0069674 0.737087
1724732798.948245525 0.317093 -0.981089 0.495742 0.675214 -0.0191096 -0.0132735 0.737254
1724732799.148246050 0.219205 -0.999331 0.498355 0.672662 -0.0148821 -0.0218129 0.739478
1724732799.348172903 0.138224 -1.01497 0.499742 0.669213 -0.0107379 -0.0277375 0.742475
1724732799.548173428 0.0781447 -1.0252 0.500235 0.651972 -0.0214433 -0.0173914 0.757741
1724732799.748194218 0.0239291 -1.01228 0.501498 0.634145 -0.0251168 -0.0128722 0.772699
1724732799.948194504 -0.0291928 -0.962341 0.498965 0.628284 -0.0235041 -0.0199194 0.777374
1724732800.148195028 -0.0735605 -0.86863 0.495078 0.636066 -0.0290927 -0.0154754 0.77093
1724732800.348186016 -0.116136 -0.741102 0.493211 0.639684 -0.0304538 -0.0150397 0.767887
1724732800.548186541 -0.152291 -0.583765 0.493283 0.643821 -0.0245224 -0.0253847 0.764362
1724732800.748137712 -0.180024 -0.404582 0.494822 0.642333 -0.0274846 -0.0213833 0.765634
1724732800.948138237 -0.201153 -0.203359 0.494773 0.652939 -0.0292248 -0.0165774 0.756665
1724732801.148138523 -0.221563 0.00890415 0.490306 0.672199 -0.0269217 -0.0148171 0.739733
1724732801.348138809 -0.236106 0.211497 0.485816 0.697222 -0.0200699 -0.0188029 0.716328
1724732801.548139334 -0.241681 0.379228 0.487302 0.697318 -0.0258351 -0.0066155 0.716265
1724732801.748139858 -0.247788 0.50755 0.490115 0.689577 -0.0168464 -0.00755376 0.723977
1724732801.948140383 -0.259991 0.609126 0.492907 0.681506 -0.00867449 -0.0135207 0.731636
1724732802.148140669 -0.269263 0.693922 0.492026 0.676656 -0.00165861 -0.020877 0.736002
1724732802.348175526 -0.266698 0.767728 0.491454 0.675227 0.000782006 -0.0267676 0.737124
1724732802.548175812 -0.245332 0.835135 0.488135 0.674135 0.00604585 -0.0353389 0.737737
1724732802.748122454 -0.202383 0.895216 0.487726 0.672917 0.00196061 -0.0345749 0.738907
1724732802.948122978 -0.139918 0.947639 0.488784 0.672856 -0.00978915 -0.0265184 0.739233
1724732803.148123264 -0.0671454 0.993056 0.492986 0.672696 -0.00998241 -0.0278731 0.739327
1724732803.348126173 0.0128695 1.03742 0.494042 0.675155 -0.00757626 -0.0296312 0.737042
1724732803.548126459 0.102145 1.07668 0.492847 0.673781 -0.0106168 -0.0255045 0.738415
1724732803.748104572 0.195849 1.11006 0.490337 0.676144 -0.0115109 -0.0220827 0.736349
1724732803.948104620 0.291307 1.1373 0.490686 0.677371 -0.0100582 -0.0225365 0.735227
1724732804.148105145 0.390866 1.15972 0.493326 0.675948 -0.00707351 -0.0245982 0.736505
1724732804.348115206 0.495223 1.17991 0.494344 0.676861 -0.00736374 -0.0216294 0.735756
1724732804.548115730 0.601681 1.19419 0.494138 0.677643 -0.00708511 -0.0193466 0.735102
1724732804.748061180 0.706884 1.20408 0.490865 0.675938 -0.00739302 -0.0190518 0.736675
1724732804.948061466 0.809294 1.21143 0.485833 0.676972 -0.00978765 -0.0172713 0.735741
1724732805.148061991 0.908628 1.2177 0.484205 0.678322 -0.00847131 -0.0193157 0.734462
1724732805.348062277 1.00805 1.22066 0.481665 0.679288 -0.00881343 -0.0192931 0.733565
1724732805.548062801 1.10686 1.22004 0.478686 0.676886 -0.0120087 -0.0182006 0.735764
1724732805.748063087 1.20243 1.21873 0.475929 0.683733 -0.0218149 -0.0107856 0.729326
1724732805.948063374 1.2885 1.21332 0.471328 0.694022 -0.0251897 -0.00873424 0.71946
1724732806.148063898 1.36396 1.19258 0.468881 0.695819 -0.0226656 -0.0123751 0.717753
1724732806.348045111 1.43192 1.15401 0.464656 0.692591 -0.023773 -0.0127631 0.720825
1724732806.548045635 1.48356 1.09679 0.459224 0.691658 -0.0253981 -0.0117974 0.721682
1724732806.748045921 1.52663 1.02756 0.453473 0.696811 -0.0204251 -0.0169529 0.716763
1724732806.948057652 1.56802 0.940821 0.450109 0.695563 -0.0197052 -0.0181869 0.717964
1724732807.148057938 1.60738 0.838369 0.44819 0.69326 -0.0216854 -0.0145521 0.720214
1724732807.348025799 1.6467 0.723984 0.447019 0.686266 -0.0185941 -0.0167647 0.72692
1724732807.548026085 1.68254 0.607432 0.446955 0.67165 -0.0236611 -0.0116993 0.740398
1724732807.748026609 1.71435 0.501301 0.448956 0.667683 -0.0231569 -0.0128705 0.743975
1724732807.948036909 1.74353 0.407708 0.451454 0.674352 -0.0291297 -0.0110191 0.737753
1724732808.148037195 1.76302 0.326615 0.451184 0.67606 -0.0323025 -0.0098716 0.736072
1724732808.348003626 1.7684 0.257174 0.453021 0.674678 -0.0391187 -0.00499453 0.737058
1724732808.548003912 1.75827 0.197332 0.456351 0.679866 -0.0349 -0.00941604 0.732445
1724732808.748004436 1.73479 0.149161 0.458181 0.678459 -0.0333222 -0.00900804 0.733827
1724732808.948015451 1.70275 0.108367 0.45872 0.679254 -0.0326889 -0.00552388 0.733154
1724732809.148015976 1.66039 0.0758274 0.45969 0.683 -0.0351187 -0.000960745 0.729573
1724732809.347996235 1.60857 0.0412304 0.460044 0.680399 -0.0345745 0.000833166 0.732026
1724732809.547996521 1.54541 0.0048152 0.45854 0.679919 -0.0377028 0.00518087 0.732299
1724732809.747997046 1.47116 -0.0345373 0.460969 0.681035 -0.0341391 0.00302375 0.731448
1724732809.948015928 1.38505 -0.0753632 0.464712 0.677449 -0.034382 0.0062855 0.734739
1724732810.148016453 1.29043 -0.119051 0.468869 0.67734 -0.0334654 0.00697727 0.734876
1724732810.347986221 1.18407 -0.163152 0.475795 0.675755 -0.0333641 0.00813199 0.736326
1724732810.547986984 1.06891 -0.208552 0.478612 0.674037 -0.0289551 0.00614565 0.738105
1724732810.747987270 0.947778 -0.253631 0.480328 0.671141 -0.037111 0.0119501 0.740303
1724732810.948014259 0.813829 -0.299215 0.480321 0.670619 -0.0394054 0.0070299 0.740722
1724732811.148014545 0.672807 -0.344085 0.479698 0.669153 -0.0356979 -0.00297574 0.742261
1724732811.347956181 0.527288 -0.382604 0.477134 0.67064 -0.041857 -0.00257633 0.740596
1724732811.547956705 0.375736 -0.417227 0.475894 0.66755 -0.0468465 -0.00226138 0.743086
1724732811.747956991 0.216762 -0.444553 0.474393 0.66627 -0.0206439 -0.0367525 0.744518
1724732811.947894335 0.0808493 -0.462047 0.474912 0.672171 -0.0144007 -0.0448942 0.738893
1724732812.147894621 -0.0257596 -0.476104 0.476193 0.671795 -0.0160341 -0.0387763 0.739548
1724732812.347894907 -0.104859 -0.486448 0.469632 0.67838 0.00781636 -0.0568757 0.732465
1724732812.547895432 -0.151699 -0.505728 0.46233 0.675452 0.00110576 -0.0484658 0.735808
1724732812.747895718 -0.16262 -0.524583 0.455391 0.67343 -0.0390271 -0.0175393 0.738012
1724732812.947972775 -0.174039 -0.545941 0.445919 0.670644 -0.042237 -0.0217988 0.740255
1724732813.147972822 -0.189818 -0.562475 0.436016 0.670289 -0.0447922 -0.0226755 0.7404
1724732813.347962618 -0.214661 -0.576309 0.427727 0.672919 -0.0453115 -0.0173145 0.738124
1724732813.547962904 -0.24773 -0.584632 0.41558 0.669723 -0.0376091 -0.0135472 0.741534
1724732813.747963428 -0.282303 -0.589252 0.411182 0.670013 -0.02292 -0.0237399 0.741616
1724732813.947924614 -0.30577 -0.591078 0.410255 0.670208 -0.0188666 -0.0267227 0.741452
1724732814.147925138 -0.320479 -0.586713 0.41419 0.670143 -0.0163145 -0.0159881 0.741881
1724732814.347913265 -0.331857 -0.571454 0.401475 0.671181 -0.00242248 -0.0083607 0.741242
1724732814.547913551 -0.338157 -0.567198 0.40476 0.674731 0.00778793 0.00808268 0.737978
1724732814.747914076 -0.351571 -0.571339 0.405975 0.677268 0.019756 0.0229315 0.735113
1724732814.947895527 -0.357697 -0.586325 0.411805 0.67691 0.0246954 0.039933 0.734567
1724732815.147896051 -0.360802 -0.607506 0.421341 0.675285 0.0309214 0.0384726 0.735903
1724732815.347896338 -0.346286 -0.633551 0.43111 0.685052 0.0340985 0.0447558 0.726318
1724732815.547896624 -0.331827 -0.662826 0.442654 0.673206 0.0496287 0.0414191 0.736624
1724732815.747897387 -0.308351 -0.682978 0.447639 0.675693 0.0518643 0.0443013 0.73402
1724732815.947886467 -0.271904 -0.705629 0.452496 0.671198 0.058328 0.0430713 0.737724
1724732816.147887230 -0.217343 -0.725588 0.458753 0.670736 0.0554975 0.0497788 0.73794
1724732816.347887516 -0.157171 -0.744044 0.46615 0.669573 0.060091 0.0470631 0.738814
1724732816.547888041 -0.087105 -0.761185 0.474018 0.671213 0.0391313 0.0658263 0.737298
1724732816.747888088 -0.0265422 -0.779065 0.479416 0.67227 0.0251175 0.0754087 0.736027
1724732816.947888613 0.0111353 -0.800527 0.479021 0.674238 0.0222104 0.0624296 0.735535
1724732817.147888899 0.0312113 -0.825949 0.47747 0.673941 0.0140461 0.044307 0.737322
1724732817.347889423 0.0381022 -0.849083 0.475267 0.675732 0.00580135 0.0172497 0.736923
1724732817.547889948 0.0414047 -0.871981 0.470523 0.679066 -0.00489235 -0.0153017 0.733902
1724732817.747890234 0.0490144 -0.890525 0.468438 0.677756 -0.03256 -0.0306417 0.733927
1724732817.947882652 0.0520267 -0.905461 0.468763 0.673096 -0.0477344 -0.0437155 0.736717
1724732818.147882700 0.0614673 -0.921715 0.47352 0.673796 -0.0489312 -0.0466968 0.735815
1724732818.347877026 0.0791975 -0.941476 0.478715 0.677507 -0.0563712 -0.0414688 0.732179
1724732818.547877312 0.0995127 -0.968067 0.4894 0.680539 -0.0606805 -0.0392707 0.729139
1724732818.747877598 0.106341 -0.998227 0.500013 0.668971 -0.0522779 -0.0478757 0.7399
1724732818.947863340 0.116066 -1.02227 0.503134 0.674411 -0.0453274 -0.0552778 0.734887
1724732819.147863626 0.120021 -1.03825 0.504705 0.658721 -0.058139 -0.0472086 0.748651
1724732819.347825527 0.132773 -1.03975 0.500842 0.646915 -0.0511311 -0.0543467 0.758903
1724732819.547825575 0.133851 -0.990442 0.487805 0.652456 -0.0594819 -0.0415251 0.754347
1724732819.747826099 0.131864 -0.909601 0.470011 0.666721 -0.0518769 -0.0432556 0.742241
1724732819.947808266 0.137581 -0.835559 0.462337 0.672547 -0.06633 -0.0285625 0.736522
1724732820.147808790 0.13261 -0.76682 0.465686 0.673736 -0.0672888 -0.0299038 0.735294
1724732820.347818851 0.113133 -0.69985 0.471216 0.669734 -0.0670848 -0.0302622 0.738945
1724732820.547819376 0.0752677 -0.630268 0.476516 0.662348 -0.0681456 -0.0325356 0.745381
1724732820.747819901 0.0233594 -0.544923 0.476779 0.664417 -0.0684489 -0.0351514 0.74339
1724732820.947812080 -0.0363832 -0.451792 0.480492 0.662328 -0.069419 -0.0344972 0.745193
1724732821.147812605 -0.108645 -0.34859 0.478905 0.662676 -0.0686953 -0.036783 0.744841
1724732821.347827673 -0.18893 -0.23652 0.476271 0.660753 -0.0630875 -0.039394 0.746909
1724732821.547828197 -0.270426 -0.108671 0.479362 0.643766 -0.0578825 -0.0376825 0.762099
1724732821.747828484 -0.353445 0.0455174 0.480004 0.647534 -0.0477544 -0.0411957 0.759422
1724732821.947829008 -0.435052 0.220098 0.481992 0.653729 -0.0376905 -0.0482107 0.754251
1724732822.147829533 -0.503775 0.404978 0.481009 0.671939 -0.0107938 -0.0719469 0.737025
1724732822.347873688 -0.534334 0.580247 0.483724 0.68618 0.0169641 -0.0963567 0.720822
1724732822.547874212 -0.499204 0.731977 0.49007 0.67978 0.0186475 -0.0973455 0.726688
1724732822.747874498 -0.402973 0.863966 0.494338 0.680293 -0.00608619 -0.0796939 0.728569
1724732822.947802782 -0.266499 0.976204 0.494305 0.68225 -0.0172381 -0.0748709 0.727071
1724732823.147803068 -0.105561 1.07077 0.492061 0.679397 -0.0347032 -0.0607657 0.730427
1724732823.347758532 0.0579778 1.15304 0.486561 0.688742 -0.0487085 -0.0482241 0.72176
1724732823.547758818 0.207977 1.22587 0.479148 0.699402 -0.0549555 -0.0416676 0.711393
1724732823.747759342 0.338665 1.26979 0.472819 0.710683 -0.0556603 -0.0391086 0.700215
1724732823.947796822 0.448653 1.27597 0.467934 0.714779 -0.0503642 -0.0422273 0.696255
1724732824.147797346 0.545215 1.24512 0.467346 0.707393 -0.0487416 -0.0451297 0.703693
1724732824.347722054 0.631128 1.18553 0.462076 0.701308 -0.0429925 -0.0498086 0.709815
1724732824.547722340 0.712769 1.10546 0.457389 0.701453 -0.0465899 -0.0470887 0.709631
1724732824.747722864 0.784166 1.00042 0.456448 0.699548 -0.047392 -0.045492 0.711559
1724732824.947729349 0.850494 0.882888 0.455299 0.70234 -0.046207 -0.0460299 0.708847
1724732825.147729635 0.909333 0.747117 0.454342 0.70166 -0.0442283 -0.0424658 0.709869
1724732825.347730160 0.95688 0.595375 0.45698 0.699382 -0.0401261 -0.0422494 0.712369
1724732825.547730446 1.00311 0.433853 0.459935 0.697261 -0.036853 -0.0403209 0.714733
1724732825.747730970 1.0515 0.267051 0.464455 0.681837 -0.0400608 -0.0394615 0.72934
1724732825.947703838 1.10121 0.111388 0.462659 0.669738 -0.0469982 -0.0413438 0.739954
1724732826.147704363 1.15161 -0.0176489 0.458705 0.669105 -0.068489 -0.030209 0.739388
1724732826.347695351 1.18356 -0.12364 0.457323 0.674356 -0.093402 -0.0143595 0.732334
1724732826.547695875 1.17907 -0.213524 0.455261 0.676403 -0.0970391 -0.0161029 0.729933
1724732826.747696161 1.13197 -0.286026 0.45081 0.680758 -0.0936215 -0.021352 0.726187
1724732826.947735310 1.05162 -0.34902 0.446312 0.68299 -0.0903879 -0.0245855 0.724397
1724732827.147735834 0.952275 -0.416823 0.443741 0.685626 -0.0797688 -0.0323173 0.722849
1724732827.347705126 0.835758 -0.484371 0.440736 0.685181 -0.0783354 -0.0257826 0.723689
1724732827.547705650 0.699378 -0.548756 0.438867 0.677558 -0.0735443 -0.0248431 0.731361
1724732827.747705698 0.546783 -0.608872 0.431901 0.680888 -0.0716119 -0.0287286 0.728311
1724732827.947681427 0.382844 -0.664165 0.429535 0.669661 -0.0487314 -0.0505163 0.739342
1724732828.147681713 0.232341 -0.712025 0.43063 0.660253 -0.0369295 -0.0633286 0.747457
1724732828.347682238 0.103952 -0.738035 0.435948 0.645926 -0.0437765 -0.0527858 0.760314
1724732828.547682524 -0.00855826 -0.734765 0.439185 0.637429 -0.0414048 -0.049476 0.767803
1724732828.747682810 -0.105742 -0.692634 0.441308 0.637196 -0.0436797 -0.0461446 0.768078
1724732828.947683334 -0.191821 -0.6123 0.443357 0.645632 -0.0438792 -0.0476486 0.760896
1724732829.147683620 -0.266344 -0.505516 0.446142 0.647168 -0.0498623 -0.0448088 0.759394
1724732829.347629309 -0.331953 -0.374575 0.444111 0.643498 -0.0451724 -0.0497457 0.762493
1724732829.547629595 -0.384972 -0.217842 0.443142 0.644714 -0.0513016 -0.0435204 0.761457
1724732829.747630119 -0.430519 -0.0356842 0.443595 0.653258 -0.0493655 -0.0485614 0.753962
1724732829.947646618 -0.470685 0.158987 0.437816 0.683746 -0.0537883 -0.0460767 0.726275
1724732830.147647142 -0.507916 0.338756 0.44152 0.698305 -0.0480156 -0.0496835 0.712458
1724732830.347678661 -0.543712 0.485747 0.45238 0.686873 -0.0385478 -0.0548348 0.72368
1724732830.547678947 -0.571601 0.612225 0.45835 0.689613 -0.0164449 -0.0725082 0.720351
1724732830.747679472 -0.573153 0.716492 0.467399 0.684868 -0.00677433 -0.0789483 0.724346
1724732830.947614431 -0.535942 0.805806 0.473278 0.680862 -0.00180579 -0.0832085 0.727668
1724732831.147614956 -0.460605 0.886525 0.478116 0.677946 -0.0080726 -0.0800336 0.730697
1724732831.347607613 -0.348109 0.958851 0.483204 0.676658 -0.00567363 -0.0825974 0.731628
1724732831.547608137 -0.200241 1.02069 0.486579 0.674585 -0.0152354 -0.0711176 0.734606
1724732831.747608662 -0.0294404 1.08116 0.489737 0.678558 -0.0167688 -0.0653184 0.731445
1724732831.947610855 0.155632 1.13752 0.497077 0.680071 -0.0310547 -0.0509581 0.730714
1724732832.147611380 0.34093 1.18901 0.497141 0.684412 -0.0398673 -0.0477931 0.726434
1724732832.347595692 0.520136 1.23849 0.494754 0.698898 -0.0476161 -0.0466616 0.712107
1724732832.547596216 0.686326 1.27003 0.490724 0.71519 -0.0466066 -0.0506356 0.695533
1724732832.747596502 0.842132 1.26625 0.489707 0.719231 -0.0517946 -0.0472843 0.691222
1724732832.947611094 0.985394 1.22223 0.489898 0.715316 -0.0543536 -0.0456413 0.695188
1724732833.147611380 1.1149 1.14366 0.488902 0.709722 -0.054664 -0.0446365 0.700938
1724732833.347577095 1.23189 1.04074 0.482421 0.705352 -0.0524698 -0.0442727 0.705525
1724732833.547577620 1.33872 0.916381 0.475516 0.706986 -0.0531737 -0.0446068 0.703814
1724732833.747577906 1.4318 0.767926 0.468035 0.718959 -0.0575166 -0.0433524 0.69131
1724732833.947600603 1.50881 0.585056 0.466629 0.697544 -0.0535295 -0.0460413 0.713054
1724732834.147600889 1.57443 0.390882 0.463347 0.686768 -0.0480176 -0.0488305 0.723644
1724732834.347546339 1.63525 0.202947 0.460217 0.677262 -0.0537663 -0.0402293 0.732672
1724732834.547546625 1.68042 0.0253523 0.457665 0.669056 -0.0689611 -0.0268802 0.739517
1724732834.747547150 1.6991 -0.129928 0.449538 0.673853 -0.0820473 -0.0153044 0.734136
1724732834.947534323 1.67788 -0.265252 0.44116 0.678453 -0.0748942 -0.0197995 0.730548
1724732835.147534609 1.64204 -0.383366 0.437017 0.67706 -0.0790558 -0.0175017 0.73146
1724732835.347535133 1.58447 -0.491793 0.429329 0.676543 -0.0805397 -0.0175756 0.731775
1724732835.547535419 1.50099 -0.591202 0.421372 0.680335 -0.0747621 -0.0232343 0.728707
1724732835.747535944 1.39718 -0.687458 0.415055 0.68071 -0.0697137 -0.0264892 0.728747
1724732835.947530031 1.27496 -0.77624 0.407374 0.677479 -0.0716944 -0.0208844 0.731742
1724732836.147530556 1.13805 -0.857785 0.403628 0.676746 -0.0704583 -0.023818 0.73245
1724732836.347506285 0.993418 -0.934937 0.403684 0.679174 -0.0803538 -0.0180346 0.729342
1724732836.547506809 0.828241 -1.00749 0.403126 0.676814 -0.0821527 -0.0168031 0.731363
1724732836.747507572 0.639496 -1.07328 0.40157 0.675386 -0.0723449 -0.0220668 0.733575
1724732836.947493553 0.442559 -1.13911 0.396322 0.677941 -0.0383291 -0.0518318 0.732285
1724732837.147494078 0.268339 -1.20146 0.395857 0.672888 -0.0280909 -0.0584888 0.736893
1724732837.347505569 0.1306 -1.25842 0.387234 0.673734 -0.00782036 -0.0758835 0.735026
1724732837.547506094 0.0388343 -1.30887 0.382695 0.673747 -0.0339576 -0.0553862 0.736101
1724732837.747506380 -0.0306273 -1.35099 0.384286 0.670276 -0.07302 -0.0273739 0.738003
1724732837.947506905 -0.114219 -1.37911 0.383194 0.675512 -0.0794246 -0.0242645 0.732658
1724732838.147507668 -0.215885 -1.3977 0.384754 0.671663 -0.0528344 -0.0482304 0.737395
1724732838.347491026 -0.315095 -1.40536 0.388548 0.649732 -0.0481343 -0.0503357 0.756966
1724732838.547491789 -0.40146 -1.38061 0.391576 0.627526 -0.0491197 -0.050044 0.775431
1724732838.747491837 -0.473678 -1.30099 0.392849 0.598704 -0.045476 -0.0546195 0.797811
1724732838.947487116 -0.520817 -1.14647 0.385197 0.618059 -0.0464574 -0.04939 0.783202
1724732839.147487402 -0.546837 -0.934614 0.381748 0.642161 -0.0526427 -0.0368335 0.763873
1724732839.347455978 -0.563834 -0.692645 0.385128 0.654049 -0.0449802 -0.0386343 0.754124
1724732839.547456264 -0.568969 -0.43988 0.392076 0.676544 -0.0413217 -0.0373693 0.734292
1724732839.747456789 -0.574545 -0.201465 0.407679 0.67972 -0.0424928 -0.0318316 0.731547
1724732839.947457314 -0.580587 0.0189049 0.420748 0.692568 -0.0399354 -0.0317388 0.719546
1724732840.147457600 -0.589717 0.212648 0.429018 0.685443 -0.0366549 -0.0330093 0.726454
1724732840.347458124 -0.605015 0.389639 0.427329 0.686146 -0.0354599 -0.0352456 0.725744
1724732840.547458172 -0.619224 0.551307 0.422868 0.685443 -0.022103 -0.0504652 0.726039
1724732840.747458696 -0.615387 0.696945 0.418436 0.68384 -0.00281702 -0.0692151 0.726336
1724732840.947441101 -0.572576 0.825168 0.41752 0.683154 0.00714667 -0.0772715 0.726139
1724732841.147441626 -0.485399 0.937476 0.420411 0.680111 -0.00759126 -0.0657795 0.730113
1724732841.347442150 -0.368945 1.03591 0.42381 0.679776 -0.0114093 -0.0640973 0.730525
1724732841.547420263 -0.229516 1.12893 0.427654 0.682718 -0.0157566 -0.0630228 0.727788
1724732841.747420549 -0.0749476 1.21725 0.427861 0.683007 -0.0212944 -0.0612925 0.727524
1724732841.947435379 0.0948291 1.2945 0.428937 0.684223 -0.0296575 -0.0539255 0.726672
1724732842.147435904 0.272008 1.3542 0.428854 0.691071 -0.0437547 -0.0413766 0.720274
1724732842.347435951 0.439344 1.40696 0.425833 0.705856 -0.0581865 -0.0272781 0.705434
1724732842.547414541 0.585423 1.42813 0.423838 0.709597 -0.0560861 -0.026861 0.701858
1724732842.747414827 0.710222 1.41968 0.42511 0.705545 -0.0467976 -0.0348485 0.706259
1724732842.947452545 0.822927 1.3851 0.427181 0.700875 -0.0509133 -0.0309874 0.71079
1724732843.147453070 0.920131 1.32574 0.427011 0.701581 -0.0467527 -0.0344255 0.710221
1724732843.347453356 1.00651 1.24688 0.429828 0.701068 -0.044882 -0.0352103 0.710809
1724732843.547438383 1.07848 1.14642 0.433793 0.702901 -0.0458759 -0.0352466 0.708931
1724732843.747438908 1.13873 1.02724 0.438791 0.701131 -0.0462129 -0.0350427 0.71067
1724732843.947380543 1.19135 0.895357 0.441452 0.699924 -0.0450874 -0.0349249 0.711936
1724732844.147381067 1.23842 0.752597 0.445665 0.701906 -0.042064 -0.0361867 0.710105
1724732844.347381592 1.28034 0.59717 0.446839 0.703329 -0.0447032 -0.0350918 0.708589
1724732844.547382116 1.31908 0.429692 0.446354 0.697491 -0.0485827 -0.0332403 0.714171
1724732844.747382402 1.35022 0.25634 0.441391 0.693043 -0.0504933 -0.0324346 0.718394
1724732844.947363615 1.37434 0.082578 0.437016 0.695484 -0.0474255 -0.0328504 0.716222
1724732845.147363663 1.39593 -0.0940731 0.434996 0.691827 -0.0425777 -0.0325645 0.720071
1724732845.347364187 1.41992 -0.271487 0.43583 0.687215 -0.0405093 -0.0314406 0.724642
1724732845.547380209 1.44062 -0.443533 0.433804 0.687264 -0.0433498 -0.0281152 0.724568
1724732845.747380733 1.45498 -0.609444 0.430224 0.676068 -0.0516923 -0.024321 0.734621
1724732845.947360277 1.45917 -0.760671 0.425381 0.674072 -0.0693471 -0.0107432 0.735325
1724732846.147360802 1.43886 -0.893564 0.421554 0.672418 -0.0742529 -0.00867795 0.736386
1724732846.347361326 1.39276 -1.01168 0.422712 0.676998 -0.0839021 -0.00125535 0.731186
1724732846.547329426 1.31642 -1.11968 0.418537 0.683001 -0.0494149 -0.0285749 0.728183
1724732846.747329950 1.2447 -1.23279 0.42243 0.672526 -0.0218932 -0.0485457 0.738155
1724732846.947329521 1.19819 -1.33673 0.449715 0.670381 -0.0282561 -0.0408631 0.740352
1724732847.147330046 1.17057 -1.43591 0.477637 0.670783 -0.033473 -0.0383443 0.739905
1724732847.347330332 1.15163 -1.51951 0.493249 0.669863 -0.0342808 -0.0406032 0.740581
1724732847.547343493 1.14296 -1.58492 0.511149 0.673313 -0.0416942 -0.0338668 0.737403
1724732847.747344255 1.13689 -1.63661 0.52902 0.680828 -0.0430046 -0.0333713 0.730418
1724732847.947324038 1.12913 -1.67975 0.553445 0.67748 -0.0448081 -0.0328441 0.73344
1724732848.147324562 1.1199 -1.7161 0.560424 0.681308 -0.0487474 -0.0320632 0.729668
1724732848.347324610 1.10734 -1.74967 0.552 0.687358 -0.0411364 -0.0382599 0.724142
1724732848.547333479 1.09597 -1.78826 0.550269 0.676219 -0.0483372 -0.0301204 0.734496
1724732848.747333765 1.08007 -1.82483 0.551855 0.680795 -0.0418968 -0.0357402 0.730401
1724732848.947361469 1.06269 -1.85586 0.560785 0.679658 -0.0470415 -0.0294821 0.731425
1724732849.147361755 1.04035 -1.88538 0.568125 0.680509 -0.0424462 -0.0342875 0.730705
1724732849.347362280 1.01553 -1.91605 0.574762 0.680117 -0.0472387 -0.031269 0.730912
1724732849.547386408 0.988531 -1.9431 0.582384 0.676585 -0.0508252 -0.0295246 0.734014
1724732849.747386694 0.95615 -1.96557 0.585659 0.676782 -0.05168 -0.0275759 0.733849
1724732849.947322369 0.916357 -1.97922 0.588515 0.675864 -0.0558845 -0.0236952 0.734523
1724732850.147322416 0.864946 -1.98964 0.585532 0.67563 -0.0498696 -0.0271618 0.73505
1724732850.347323179 0.804565 -1.99305 0.585339 0.672367 -0.0573294 -0.0210272 0.737695
1724732850.547336340 0.731705 -1.99133 0.582194 0.672069 -0.0541852 -0.0257327 0.738055
1724732850.747336864 0.649153 -1.98114 0.578047 0.672192 -0.0579426 -0.0229777 0.737749
1724732850.947321415 0.559623 -1.96171 0.571931 0.673273 -0.0518874 -0.0258268 0.737119
1724732851.147321701 0.454059 -1.94957 0.579269 0.668813 -0.0600454 -0.0167841 0.740811
1724732851.347322226 0.34199 -1.91787 0.572475 0.669965 -0.0600124 -0.0166871 0.739775
1724732851.547297478 0.213059 -1.88878 0.567226 0.672444 -0.0601376 -0.0155373 0.737537
1724732851.747297764 0.0662602 -1.85634 0.568408 0.67376 -0.0596775 -0.0155044 0.736373
1724732851.947283745 -0.0991018 -1.82489 0.570853 0.67493 -0.052938 -0.0216651 0.735661
1724732852.147284269 -0.269471 -1.78979 0.572917 0.674382 -0.0507015 -0.0245475 0.736231
1724732852.347284317 -0.44383 -1.75383 0.574022 0.680492 -0.0431244 -0.0332972 0.730727
1724732852.547284842 -0.609853 -1.72044 0.576378 0.679413 -0.0239636 -0.0512393 0.731573
1724732852.747285366 -0.749045 -1.68726 0.584015 0.651665 -0.0272469 -0.0486169 0.756457
1724732852.947285652 -0.859287 -1.62703 0.58971 0.616296 -0.0335286 -0.0454035 0.78549
1724732853.147286415 -0.941865 -1.50799 0.585983 0.624398 -0.0403366 -0.0410611 0.778983
1724732853.347286701 -1.00156 -1.33648 0.585914 0.636758 -0.0393973 -0.0381707 0.76911
1724732853.547247410 -1.03725 -1.1274 0.592475 0.639995 -0.0423387 -0.0278284 0.766707
1724732853.747247458 -1.07209 -0.885255 0.60103 0.647242 -0.0390358 -0.0247865 0.760881
1724732853.947212696 -1.11056 -0.621434 0.610954 0.668354 -0.0438552 -0.0198964 0.742283
1724732854.147213221 -1.15877 -0.35522 0.623271 0.686115 -0.0355303 -0.0286197 0.726061
1724732854.347213268 -1.20291 -0.109847 0.635189 0.699715 -0.0361549 -0.0305236 0.712853
1724732854.547213793 -1.24355 0.101058 0.64799 0.691702 -0.032853 -0.0294467 0.720834
1724732854.747214079 -1.27916 0.284888 0.656815 0.696943 -0.0356187 -0.0293176 0.715641
1724732854.947185040 -1.31305 0.44239 0.66279 0.696376 -0.0360138 -0.0309549 0.716105
1724732855.147185326 -1.34674 0.575385 0.666075 0.690614 -0.0263775 -0.0372212 0.721784
1724732855.347186089 -1.37014 0.688044 0.670257 0.686779 -0.0207993 -0.035891 0.725682
1724732855.547226667 -1.38082 0.785776 0.674136 0.684485 -0.00432045 -0.0445448 0.727652
1724732855.747226954 -1.36579 0.868041 0.681644 0.681653 -0.00782244 -0.040158 0.730531
1724732855.947227478 -1.32656 0.937581 0.694258 0.679858 -0.0134993 -0.038408 0.732213
1724732856.147227764 -1.27135 0.993502 0.705563 0.680376 -0.015805 -0.0435189 0.731399
1724732856.347228527 -1.2008 1.03647 0.710023 0.679424 -0.0221565 -0.0423851 0.732186
1724732856.547169209 -1.11483 1.06329 0.705823 0.679371 -0.0163723 -0.0481411 0.732031
1724732856.747169733 -1.00855 1.07461 0.696503 0.680631 -0.0153824 -0.047208 0.730942
1724732856.947170258 -0.893784 1.08751 0.683411 0.682977 -0.0247415 -0.0366232 0.729102
1724732857.147170544 -0.776206 1.09922 0.671977 0.684259 -0.0204271 -0.0380686 0.727958
1724732857.347171068 -0.655725 1.10233 0.662719 0.684183 -0.0191787 -0.0389919 0.728015
1724732857.547150850 -0.528902 1.10911 0.657458 0.682475 -0.020674 -0.0361919 0.72972
1724732857.747151375 -0.398254 1.11507 0.652489 0.68585 -0.0176201 -0.0398018 0.72644
1724732857.947159767 -0.259965 1.11987 0.645911 0.685134 -0.0157604 -0.0433823 0.726953
1724732858.147160053 -0.112088 1.12173 0.63747 0.691824 -0.0247858 -0.0407501 0.720489
1724732858.347160339 0.040077 1.11635 0.631235 0.700375 -0.0266379 -0.0428947 0.711987
1724732858.547162771 0.19508 1.0935 0.626725 0.69946 -0.0381414 -0.0346976 0.712809
1724732858.747163057 0.341419 1.05376 0.622696 0.7018 -0.0510635 -0.0236623 0.710148
1724732858.947152615 0.465637 0.996619 0.623078 0.694049 -0.0444979 -0.0298732 0.71793
1724732859.147153139 0.569643 0.925211 0.623193 0.68961 -0.0422371 -0.0309386 0.722286
1724732859.347153425 0.658588 0.849693 0.621339 0.688684 -0.0521727 -0.0212746 0.722869
1724732859.547142982 0.728597 0.773698 0.619647 0.683014 -0.0577667 -0.0166133 0.727928
1724732859.747143269 0.768822 0.7004 0.620047 0.672018 -0.0706255 -0.00610504 0.737134
1724732859.947119713 0.775819 0.644376 0.614711 0.676107 -0.0608735 -0.0132339 0.734166
1724732860.147119761 0.751105 0.60148 0.610077 0.678674 -0.0642674 -0.00653855 0.731594
1724732860.347120285 0.702403 0.567186 0.609508 0.681692 -0.0812212 0.0119093 0.727019
1724732860.547095060 0.611318 0.539259 0.613354 0.678962 -0.10015 0.0292649 0.726721
1724732860.747095108 0.457009 0.515406 0.612532 0.680985 -0.0963179 0.0252058 0.725498
1724732860.947119474 0.249413 0.492752 0.611655 0.681074 -0.0698269 0.00244906 0.728874
1724732861.147119522 0.021514 0.470749 0.610676 0.68749 -0.018646 -0.0413377 0.724776
1724732861.347120047 -0.174452 0.441827 0.616174 0.680031 0.00431567 -0.0564246 0.730996
1724732861.547084332 -0.322843 0.40794 0.620311 0.679182 0.00171756 -0.052142 0.732114
1724732861.747084618 -0.430061 0.373825 0.628483 0.676199 -0.00853133 -0.0407218 0.735543
1724732861.947115898 -0.511637 0.338918 0.633711 0.675916 -0.0143313 -0.0385865 0.735829
1724732862.147116423 -0.572619 0.305171 0.634076 0.672851 -0.0138553 -0.0412116 0.738499
1724732862.347116947 -0.611691 0.275465 0.630221 0.674289 -0.0152123 -0.040891 0.737177
1724732862.547092199 -0.628204 0.247864 0.626293 0.678928 -0.0171858 -0.041017 0.732857
1724732862.747092724 -0.632192 0.220333 0.626769 0.67741 -0.0288886 -0.0302648 0.734415
1724732862.947082996 -0.621136 0.194415 0.620035 0.676807 -0.044583 -0.0152055 0.734652
1724732863.147083521 -0.618294 0.172026 0.612971 0.678569 -0.048686 -0.0100858 0.732852
1724732863.347083807 -0.626361 0.147813 0.603634 0.675946 -0.0428418 -0.0129936 0.73559
1724732863.547106266 -0.661528 0.126555 0.593013 0.677837 -0.0271846 -0.0289326 0.73414
1724732863.747107029 -0.669027 0.102887 0.591005 0.677477 -0.0111714 -0.0459395 0.734023
1724732863.947107077 -0.655334 0.0800333 0.596936 0.677189 -0.0186059 -0.046762 0.734086
1724732864.147107601 -0.621277 0.0507808 0.606501 0.67684 -0.0151942 -0.0542451 0.733972
1724732864.347107887 -0.560535 0.0218495 0.616582 0.68038 -0.0470475 -0.0258847 0.730889
1724732864.547061682 -0.515365 -0.00306383 0.615945 0.678829 -0.0596154 -0.0132412 0.731753
1724732864.747061968 -0.489854 -0.0286289 0.619606 0.678512 -0.0518952 -0.0154991 0.73259
1724732864.947038174 -0.487755 -0.0600837 0.612337 0.678899 -0.0449899 -0.0205409 0.732564
1724732865.147038460 -0.503582 -0.0946153 0.579568 0.680231 -0.0326055 -0.0272162 0.731766
1724732865.347038984 -0.514995 -0.126664 0.525898 0.678525 -0.0242874 -0.0313746 0.733505
1724732865.547039509 -0.521248 -0.153639 0.468125 0.673963 -0.0318492 -0.0222249 0.737744
1724732865.747039795 -0.521997 -0.171894 0.407346 0.673934 -0.0269174 -0.0249789 0.737878
1724732865.947014570 -0.528694 -0.188439 0.333429 0.676794 -0.0237826 -0.0261379 0.735324
1724732866.147014856 -0.52318 -0.204624 0.254177 0.67235 -0.0218172 -0.0236491 0.739534
1724732866.347015381 -0.519151 -0.22033 0.178181 0.673254 -0.0250112 -0.0192186 0.738739
1724732866.547023058 -0.510064 -0.226059 0.108596 0.674841 -0.0269204 -0.0186756 0.737236
1724732866.747023344 -0.504877 -0.229813 0.0459516 0.677242 -0.0321635 -0.0176658 0.734844
1724732866.946999311 -0.500698 -0.226316 -0.00546378 0.678637 -0.0307128 -0.0209069 0.733533
1724732867.146999598 -0.496018 -0.221038 -0.0466079 0.680632 -0.0307872 -0.0234265 0.731603
1724732867.346999884 -0.490525 -0.222552 -0.08298 0.682611 -0.0342086 -0.0226213 0.72963
1724732867.547009945 -0.486487 -0.227989 -0.0957834 0.680258 -0.0240073 -0.0293854 0.73199
1724732867.747010469 -0.483353 -0.233649 -0.0934017 0.679034 -0.0255407 -0.0337374 0.732886
1724732867.946978807 -0.481735 -0.234878 -0.0931219 0.679039 -0.025036 -0.0332453 0.732921
1724732868.146979332 -0.482412 -0.235586 -0.0912575 0.679017 -0.0249015 -0.0329385 0.732961
1724732868.346979380 -0.483296 -0.235337 -0.0890882 0.678942 -0.0249277 -0.0328865 0.733031
1724732868.547010660 -0.484058 -0.234854 -0.0877252 0.678908 -0.0250613 -0.0330317 0.733052
1724732868.747011185 -0.48551 -0.234636 -0.0867058 0.678915 -0.0253103 -0.0331554 0.733031
1724732868.946962833 -0.487532 -0.234653 -0.0860986 0.678913 -0.0254348 -0.0333345 0.733021
1724732869.146963358 -0.489866 -0.233574 -0.0869574 0.678932 -0.0253758 -0.0332017 0.733011
1724732869.346963644 -0.491548 -0.233013 -0.0870377 0.678967 -0.0252487 -0.0330368 0.73299
1724732869.546964645 -0.492653 -0.23347 -0.0868729 0.678997 -0.0250715 -0.0328654 0.732977
1724732869.746964931 -0.493284 -0.233335 -0.0871588 0.678974 -0.0247884 -0.0325703 0.73302
1724732869.946940422 -0.494571 -0.232184 -0.0876745 0.678892 -0.0241948 -0.0318307 0.733149
1724732870.146940947 -0.497306 -0.229424 -0.0888782 0.678638 -0.0239134 -0.0310431 0.733427
1724732870.346941233 -0.498156 -0.227219 -0.0892759 0.678632 -0.0229999 -0.0298488 0.733511
1724732870.546967030 -0.499257 -0.225276 -0.0896856 0.679067 -0.0227543 -0.0301393 0.733104
1724732870.746967316 -0.501221 -0.225729 -0.0889684 0.679113 -0.0226635 -0.0299257 0.733074
1724732870.946941376 -0.502581 -0.226588 -0.0877629 0.679157 -0.0225892 -0.0298662 0.733037
1724732871.146941662 -0.504093 -0.22667 -0.0879977 0.67915 -0.0224077 -0.0296796 0.733057
1724732871.346942186 -0.506812 -0.226311 -0.0885866 0.679173 -0.0223481 -0.0295244 0.733044
1724732871.546924353 -0.508469 -0.225134 -0.0882367 0.679215 -0.022236 -0.0293754 0.733014
1724732871.746924877 -0.51064 -0.22471 -0.0877477 0.679231 -0.0220932 -0.0292253 0.733009
1724732871.946935654 -0.513172 -0.225524 -0.0872082 0.679223 -0.0220068 -0.0290501 0.733026
1724732872.146935701 -0.514553 -0.226461 -0.0869638 0.679213 -0.0219002 -0.0288664 0.733046
1724732872.346936226 -0.515789 -0.226594 -0.0870791 0.679218 -0.0218442 -0.0287155 0.733049
1724732872.546905279 -0.517392 -0.226712 -0.0869213 0.679222 -0.0217272 -0.028512 0.733056
1724732872.746905804 -0.518531 -0.226818 -0.0868003 0.679212 -0.0216305 -0.0283799 0.733074
1724732872.946951866 -0.520159 -0.226842 -0.086614 0.679208 -0.0214668 -0.0282163 0.733089
1724732873.146952391 -0.522566 -0.226279 -0.0869525 0.679198 -0.0213748 -0.0280295 0.733109
1724732873.346952915 -0.524911 -0.227857 -0.0870325 0.67921 -0.0212795 -0.0278568 0.733107
1724732873.546950817 -0.526618 -0.227936 -0.0872622 0.679208 -0.0211813 -0.0277426 0.733115
1724732873.746951342 -0.528272 -0.22692 -0.087867 0.679182 -0.0210253 -0.0275341 0.733151
1724732873.946941614 -0.529621 -0.228979 -0.0876599 0.67915 -0.0209807 -0.0274463 0.733186
1724732874.146942139 -0.530639 -0.228866 -0.0880749 0.679157 -0.0208975 -0.0273278 0.733187
1724732874.346942425 -0.532693 -0.228943 -0.0881659 0.679148 -0.0207784 -0.0271995 0.733203
1724732874.546939611 -0.53448 -0.227572 -0.0887011 0.67915 -0.0206464 -0.0269642 0.733214
1724732874.746939898 -0.536657 -0.229487 -0.0884773 0.679162 -0.0205926 -0.0268572 0.733208
1724732874.946890831 -0.538089 -0.228133 -0.0889803 0.679165 -0.0204881 -0.0267397 0.733212
1724732875.146891356 -0.540052 -0.229794 -0.089017 0.679131 -0.0203598 -0.0265842 0.733253
1724732875.346891642 -0.541246 -0.228875 -0.0895792 0.679116 -0.0202354 -0.026487 0.733274
1724732875.546892166 -0.543405 -0.229779 -0.0894761 0.679124 -0.0201265 -0.0262771 0.733277
1724732875.746892452 -0.545538 -0.228361 -0.0901096 0.679113 -0.0200321 -0.0261631 0.733294
1724732875.946892738 -0.546857 -0.230845 -0.0896052 0.679109 -0.0199509 -0.0260581 0.733304
1724732876.146893024 -0.548845 -0.229885 -0.0897874 0.679124 -0.0198211 -0.0257699 0.733303
1724732876.346893549 -0.551505 -0.229464 -0.089862 0.679125 -0.01974 -0.0256227 0.733309
1724732876.546843529 -0.552966 -0.229792 -0.0898775 0.679141 -0.0196707 -0.0255256 0.7333
1724732876.746843815 -0.554721 -0.230429 -0.0898024 0.679153 -0.0195593 -0.0253241 0.733299
1724732876.946844339 -0.556311 -0.230203 -0.0898301 0.679156 -0.0194986 -0.0251512 0.733304
1724732877.146840096 -0.558265 -0.228737 -0.0902244 0.679166 -0.019394 -0.024963 0.733303
1724732877.346840620 -0.560535 -0.227485 -0.0905797 0.679173 -0.0192578 -0.0247971 0.733307
1724732877.546829462 -0.470704 -0.219997 -0.0861825 0.679558 -0.0250613 -0.032306 0.732482
1724732877.746829748 -0.469892 -0.219962 -0.0861603 0.679547 -0.025092 -0.0323587 0.732488
1724732877.946830034 -0.469529 -0.220099 -0.0856594 0.679583 -0.0251178 -0.0324144 0.732451
1724732878.146841288 -0.469293 -0.219431 -0.0863411 0.679523 -0.0251451 -0.0324172 0.732506
1724732878.346841812 -0.468769 -0.22003 -0.0878162 0.679425 -0.0251795 -0.032461 0.732594
1724732878.546887636 -0.46926 -0.220355 -0.0861887 0.679561 -0.0251706 -0.0324202 0.73247
1724732878.746888161 -0.4694 -0.219727 -0.0845916 0.679667 -0.0251949 -0.0323311 0.732375
1724732878.946888447 -0.468933 -0.219897 -0.0843857 0.679701 -0.0252372 -0.0323289 0.732342
1724732879.146888971 -0.468347 -0.21906 -0.0848006 0.679664 -0.0253025 -0.032392 0.732371
1724732879.346889257 -0.468256 -0.218969 -0.085217 0.679644 -0.0253091 -0.0324117 0.732389
1724732879.546889544 -0.468571 -0.219364 -0.0848485 0.679672 -0.0252998 -0.0323704 0.732365
1724732879.746890068 -0.467862 -0.219142 -0.0858338 0.679581 -0.025338 -0.032425 0.732445
1724732879.946890354 -0.467233 -0.219469 -0.0848657 0.67966 -0.0254078 -0.0324319 0.732369
